SBS1	SBS2	SBS3	SBS4	SBS5	SBS6	SBS7a	SBS7b	SBS7c	SBS7d	SBS8	SBS9	SBS10a	SBS10b	SBS11	SBS12	SBS13	SBS14	SBS15	SBS16	SBS17a	SBS17b	SBS18	SBS19	SBS20	SBS21	SBS22	SBS23	SBS24	SBS25	SBS26	SBS27	SBS28	SBS29	SBS30	SBS31	SBS32	SBS33	SBS34	SBS35	SBS36	SBS37	SBS38	SBS39	SBS40	SBS41	SBS42	SBS43	SBS44	SBS45	SBS46	SBS47	SBS48	SBS49	SBS50	SBS51	SBS52	SBS53	SBS54	SBS55	SBS56	SBS57	SBS58	SBS59	SBS60
P-0003555-T01-IM5	0.924137666556002	0	0	0	0	0	0	0	0	0	0	0	0	0	0	0	0	0	0	0	0	0	0	0	0	0.0659018691905624	0	0	0	0	0	0	0	0	0	0	0	0	0	0	0	0	0	0	0	0	0	0	0	0	0	0	0	0	0	0	0	0	0	0	0	0	0	0	0
P-0004051-T01-IM5	0.21304818338606	0	0	0	0	0	0	0	0	0	0	0	0	0.0999935920943751	0	0	0	0	0.538881034238122	0	0	0	0	0	0	0.0938395276117903	0	0	0	0	0	0	0	0	0	0	0	0	0	0	0	0	0	0	0	0	0	0	0	0	0	0	0	0	0	0	0	0	0	0	0	0	0	0	0
P-0004076-T01-IM5	0.800122019592723	0	0	0	0	0	0	0	0	0	0	0	0	0	0	0	0	0	0	0	0	0	0	0	0	0	0	0	0	0	0	0	0	0	0	0	0.138504991007538	0	0	0	0	0	0	0	0	0	0	0	0	0	0	0	0	0	0	0	0	0	0	0	0	0	0	0	0
P-0004387-T02-IM5	0.909724022794386	0	0	0	0	0	0	0	0	0	0	0	0	0	0	0	0	0	0	0	0	0	0	0	0	0.0863898737092989	0	0	0	0	0	0	0	0	0	0	0	0	0	0	0	0	0	0	0	0	0	0	0	0	0	0	0	0	0	0	0	0	0	0	0	0	0	0	0
P-0004754-T01-IM5	0.695687447277571	0	0	0	0	0	0	0	0	0	0	0	0	0	0	0	0	0	0.224758044396371	0	0	0	0	0	0	0	0	0	0	0	0	0	0	0	0	0	0	0	0	0	0	0	0	0	0	0	0	0	0	0	0	0	0	0	0	0	0	0	0	0	0	0	0	0	0
P-0005270-T02-IM6	0.513869130751882	0	0	0	0	0.197502898472908	0	0	0	0	0	0	0	0	0	0	0	0.0780759339568029	0	0	0	0	0	0	0	0.105835083156494	0	0	0	0	0	0	0	0	0	0	0	0	0	0	0	0	0	0	0	0	0	0	0	0	0	0	0	0.0653212977567009	0	0	0	0	0	0	0	0	0	0	0
P-0005400-T01-IM5	0.507804921958527	0	0	0	0	0	0	0	0	0	0	0	0	0	0	0	0	0.0882436893077474	0.13812859096904	0	0	0	0	0	0	0	0	0	0.0804324035569663	0	0.0878544979246403	0	0	0	0	0	0	0	0	0	0	0	0	0	0	0	0	0	0	0	0	0	0	0	0	0	0	0	0	0	0	0	0	0	0
P-0005823-T01-IM5	0.759154285830553	0	0	0	0	0	0	0	0	0	0	0	0	0	0	0	0	0	0	0	0	0	0	0	0	0.105638321903883	0	0	0	0	0	0	0	0	0	0	0	0	0	0	0	0	0	0	0	0	0	0	0	0	0	0	0	0	0	0	0	0	0	0	0	0	0	0	0
P-0006135-T01-IM5	0.384490461288492	0	0	0	0.192391278752266	0	0	0	0	0	0	0	0	0.111828825428571	0	0	0	0	0	0	0	0	0	0	0	0	0	0	0	0	0	0	0	0	0	0	0	0	0	0	0	0	0	0	0	0	0.083678826784336	0	0	0	0	0	0	0.0892184107985843	0	0	0	0	0	0	0	0	0	0	0
P-0006365-T01-IM5	0.453940090220106	0	0	0	0	0	0	0	0	0	0	0	0	0.328656175117566	0	0	0	0	0	0	0	0	0	0	0.137917836494869	0	0	0	0	0	0	0	0	0	0	0	0	0	0	0	0	0	0	0	0	0	0	0	0	0	0	0	0	0	0	0	0	0	0	0	0	0	0	0	0
P-0006863-T01-IM5	0.566175714440951	0	0	0	0	0.138455807263106	0	0	0	0	0	0	0	0.0695198919252197	0	0	0	0	0.198459552613736	0	0	0	0	0	0	0	0	0	0	0	0	0	0	0	0	0	0	0	0	0	0	0	0	0	0	0	0	0	0	0	0	0	0	0	0	0	0	0	0	0	0	0	0	0	0
P-0007969-T01-IM5	0.640991342203012	0	0	0	0	0	0	0	0	0	0	0	0	0	0	0	0	0	0.240228198350159	0	0	0	0	0	0	0	0	0	0	0	0	0	0	0	0	0	0	0	0	0	0	0	0	0	0	0	0	0	0	0	0	0	0	0.0801337484237834	0	0	0	0	0	0	0	0	0	0	0
P-0007995-T01-IM5	0.397928319378009	0	0	0	0	0	0	0	0	0	0	0	0	0	0	0	0	0	0.40378940625278	0	0	0	0	0	0	0.143433691450838	0	0	0	0	0	0	0	0	0	0	0	0	0	0	0	0	0	0	0	0	0	0	0	0	0	0	0	0	0	0	0	0	0	0	0	0	0	0	0
P-0008034-T01-IM5	0.459808816359538	0	0	0	0	0.138361017644805	0	0	0	0	0	0	0	0.276431560666882	0	0	0	0	0	0	0	0	0	0	0	0	0	0	0	0	0	0	0	0	0	0	0	0	0	0	0	0	0	0	0	0	0	0	0	0	0	0	0	0	0	0	0	0	0	0	0	0	0	0	0
P-0008188-T01-IM5	0.406280045338091	0	0	0	0	0	0	0	0	0	0	0	0	0.0885464390854222	0	0	0	0	0.238489205684484	0	0	0	0	0	0	0.107537710900332	0	0	0	0	0	0	0	0	0	0	0	0	0	0	0	0.0788048164256688	0	0	0	0	0	0	0	0	0	0	0.0622691119978703	0	0	0	0	0	0	0	0	0	0	0	0
P-0008417-T02-IM6	0.551340927250626	0	0	0	0	0	0	0	0	0	0	0	0	0.155779906796208	0	0	0	0	0	0	0	0	0	0	0	0	0	0	0	0	0.076096282378623	0	0	0	0	0	0	0	0	0	0	0	0	0	0	0	0	0	0	0	0	0	0	0	0	0	0	0	0	0	0	0	0	0	0
P-0008504-T03-IM6	0.283655813496351	0	0	0	0	0	0	0	0	0	0	0	0	0	0	0	0	0.0618722709932242	0	0.279659606610356	0	0	0	0	0	0.193179149323001	0	0	0	0	0	0	0	0	0	0	0	0	0	0	0	0	0	0	0	0	0	0	0.0622710984594434	0	0	0	0	0	0	0	0	0	0.0677467449159505	0	0	0	0	0	0
P-0008667-T03-IM6	0	0	0	0	0	0	0	0	0	0	0	0	0	0	0	0	0	0	0.511267164811107	0	0	0	0	0	0	0.399377722085924	0	0	0	0	0	0	0	0	0	0	0	0	0	0	0	0	0	0	0	0	0	0	0	0	0	0	0	0	0	0	0	0	0	0	0	0	0	0	0
P-0009403-T02-IM5	0.874078770839558	0	0	0	0	0	0	0	0	0	0	0	0	0	0	0	0	0	0	0	0	0	0	0	0	0	0	0	0	0	0	0	0	0	0	0	0	0	0	0	0	0	0	0	0	0	0	0	0	0	0	0	0	0	0.0823883136614417	0	0	0	0	0	0	0	0	0	0
P-0009484-T01-IM5	0.188513611361712	0	0	0	0	0.297331916359765	0	0	0	0	0	0	0	0.210235326345189	0	0	0	0	0	0	0	0	0	0	0	0.26045090031176	0	0	0	0	0	0	0	0	0	0	0	0	0	0	0	0	0	0	0	0	0	0	0	0	0	0	0	0	0	0	0	0	0	0	0	0	0	0	0
P-0009585-T01-IM5	0	0	0	0	0	0	0	0	0	0	0	0	0	0.21090516754368	0	0	0	0	0.789094832456321	0	0	0	0	0	0	0	0	0	0	0	0	0	0	0	0	0	0	0	0	0	0	0	0	0	0	0	0	0	0	0	0	0	0	0	0	0	0	0	0	0	0	0	0	0	0
P-0009858-T01-IM5	0.826331080761666	0	0	0	0	0	0	0	0	0	0	0	0	0	0	0	0	0.123434020172239	0	0	0	0	0	0	0	0	0	0	0	0	0	0	0	0	0	0	0	0	0	0	0	0	0	0	0	0	0	0	0	0	0	0	0	0	0	0	0	0	0	0	0	0	0	0	0
P-0009964-T01-IM5	0.412912328871596	0	0	0	0	0	0	0	0	0	0	0	0	0.18208134174734	0	0.117395746462574	0	0	0	0	0	0	0	0	0.0668843945383415	0.0687220246000289	0	0	0	0	0	0	0	0	0	0	0.0714414350723383	0	0	0	0	0	0	0	0	0	0	0	0	0	0	0	0	0	0	0	0	0	0	0	0	0	0	0	0
P-0010167-T01-IM5	0	0	0	0	0	0	0	0	0	0	0	0	0	0	0	0	0	0	0.717010352611821	0	0	0	0	0	0	0	0	0	0	0	0	0	0	0	0	0	0	0.15484677286933	0	0	0	0	0	0	0	0	0	0	0	0	0	0	0	0.109745118525205	0	0	0	0	0	0	0	0	0	0	0
P-0010196-T01-IM5	0.441873475593104	0	0	0	0	0	0	0	0	0	0	0	0	0	0	0	0	0	0	0	0	0	0	0	0	0.165582023077489	0	0	0	0	0	0	0	0	0	0	0.0643239693594062	0	0	0	0	0	0.0864594126186335	0	0	0	0	0	0	0	0	0.0886689836996636	0	0	0	0	0	0	0	0	0	0	0	0	0
P-0010798-T01-IM5	0.396971366693618	0	0	0	0	0.1492082452844	0	0	0	0	0	0	0	0	0	0	0	0	0	0	0	0	0	0	0.0836677816806556	0	0	0	0	0	0	0	0	0	0	0	0	0	0	0	0	0	0	0	0	0	0.267179552250551	0	0	0	0	0	0	0	0	0	0	0	0.102973031256667	0	0	0	0	0	0
P-0010833-T01-IM5	0.299659808678686	0	0	0	0	0	0	0	0	0	0	0	0	0	0	0	0	0	0.685894302587317	0	0	0	0	0	0	0	0	0	0	0	0	0	0	0	0	0	0	0	0	0	0	0	0	0	0	0	0	0	0	0	0	0	0	0	0	0	0	0	0	0	0	0	0	0	0
P-0011226-T01-IM5	0.694298087829775	0	0	0	0	0	0	0	0	0	0	0	0	0.0751530271386137	0	0	0	0	0.150164880384995	0	0	0	0	0	0	0	0	0	0	0	0	0	0	0	0	0	0	0	0	0	0	0	0	0	0	0	0	0	0	0	0	0	0	0	0	0	0	0	0	0	0	0	0	0	0
P-0011235-T01-IM5	0.574616606641789	0	0.0611573475278568	0	0	0	0	0	0	0	0	0	0	0.0818463751275792	0	0	0	0	0	0	0	0	0	0	0	0	0	0	0	0	0	0	0	0	0	0	0	0	0	0	0	0	0	0	0	0	0	0	0.241081649513418	0	0	0	0	0	0	0	0	0	0	0	0	0	0	0	0
P-0011540-T01-IM5	0.627536486557996	0	0	0	0	0	0	0	0	0	0	0	0	0.177605384380477	0	0	0	0	0	0	0	0	0	0	0	0.125618289730212	0	0	0	0	0	0	0	0	0	0	0	0	0	0	0	0	0	0	0	0	0.069239839331314	0	0	0	0	0	0	0	0	0	0	0	0	0	0	0	0	0	0
P-0012115-T01-IM5	0.567217593529822	0	0	0	0	0	0	0	0	0	0	0	0	0	0	0	0	0	0.382742149422831	0	0	0	0	0	0	0	0	0	0	0	0	0	0	0	0	0	0	0	0	0	0	0	0	0	0	0	0	0	0	0	0	0	0	0	0	0	0	0	0	0	0	0	0	0	0
P-0012249-T01-IM5	0.670806484948595	0	0	0	0	0	0	0	0	0	0	0	0	0	0	0	0	0	0.133960124164524	0	0	0	0	0	0	0	0	0	0	0	0	0	0	0	0	0	0	0	0	0	0	0	0	0	0	0	0	0	0.0897789065712668	0	0	0	0	0	0	0	0	0	0	0	0	0	0	0	0
P-0012313-T01-IM5	0.652653938279887	0	0.0938285658823416	0	0	0	0	0	0	0	0	0	0	0	0	0	0	0	0.0911675991062133	0	0	0	0	0	0	0	0	0	0	0	0	0	0	0	0	0	0	0	0	0	0	0	0	0	0	0	0	0	0	0	0	0	0	0	0	0	0	0	0	0	0	0	0	0	0
P-0013010-T01-IM5	0.615565599152598	0	0	0	0	0.105581671089224	0	0	0	0	0	0	0	0.196064540928544	0	0	0	0	0	0	0	0	0	0	0	0	0	0	0	0	0	0	0	0	0	0	0	0	0	0	0	0	0	0	0	0	0	0	0	0	0	0	0	0	0	0	0	0	0	0	0	0	0	0	0
P-0013923-T02-IM6	0.387421670645634	0	0	0	0	0	0	0	0	0	0	0	0	0	0	0	0	0	0.417944456212366	0	0	0	0	0	0.0977954608908122	0	0	0	0	0	0	0	0	0	0	0	0	0	0	0	0	0	0	0	0	0	0	0	0	0	0	0	0	0	0	0	0	0	0	0	0	0	0	0	0
P-0014994-T01-IM6	0.562710291438658	0	0	0	0	0	0	0	0	0	0	0	0	0	0	0	0	0	0.320295467150271	0	0	0	0	0	0	0	0	0	0	0	0	0	0	0	0	0	0	0	0	0	0	0	0	0	0	0	0	0	0	0	0	0	0	0	0	0	0	0	0	0	0	0	0	0	0
P-0015252-T01-IM6	0.744122325365147	0	0	0	0	0	0	0	0	0	0	0	0	0	0	0	0	0	0.203974978764744	0	0	0	0	0	0	0	0	0	0	0	0	0	0	0	0	0	0	0	0	0	0	0	0	0	0	0	0	0	0	0	0	0	0	0	0	0	0	0	0	0	0	0	0	0	0
P-0015344-T01-IM6	0.679279685179726	0	0	0	0	0	0	0	0	0	0	0	0	0.320720314820274	0	0	0	0	0	0	0	0	0	0	0	0	0	0	0	0	0	0	0	0	0	0	0	0	0	0	0	0	0	0	0	0	0	0	0	0	0	0	0	0	0	0	0	0	0	0	0	0	0	0	0
P-0015416-T01-IM6	0.758797665511729	0	0	0	0	0	0	0	0	0	0	0	0	0	0	0	0	0	0	0	0	0	0	0	0	0.115998811556966	0	0	0	0	0	0	0	0	0	0	0	0	0	0	0	0	0	0	0	0	0	0	0	0	0	0	0	0	0	0	0	0	0	0	0	0	0	0	0
P-0015536-T01-IM6	0.472134312827809	0	0	0	0	0	0	0	0	0	0	0	0	0.151844968275793	0	0	0	0.0951184335476738	0	0	0	0	0	0	0	0.171365191946031	0	0	0	0	0	0	0	0	0	0	0	0	0	0	0	0	0	0	0	0	0	0	0	0	0	0	0	0	0	0	0	0	0	0	0	0	0	0	0
P-0015699-T01-IM6	0.261189705166419	0	0	0	0	0	0	0	0	0	0	0	0	0	0	0	0	0	0	0	0	0	0	0	0	0.154232638102075	0	0	0	0	0	0	0	0	0	0	0.097495708883135	0	0	0	0	0	0	0	0	0	0.214324320658048	0	0	0	0.0746967646910153	0	0.0676715154039326	0	0	0	0	0	0	0	0	0	0	0	0
P-0016413-T01-IM6	0.62572494541842	0	0	0	0	0	0	0	0	0	0	0	0	0	0	0	0	0	0	0	0	0	0	0	0	0.0966797500680986	0	0	0.0837979429141433	0.0782283984180843	0	0	0	0	0	0	0	0	0	0	0	0	0	0	0	0	0	0	0	0	0	0	0	0	0	0	0	0	0	0	0	0	0	0	0
P-0016938-T01-IM6	0.408696905736469	0	0	0	0	0	0	0	0	0	0	0	0	0	0	0	0	0	0.19537789964836	0	0	0	0	0	0	0	0	0	0	0	0.223174958579973	0	0	0	0	0	0	0	0	0	0	0	0	0	0	0	0	0	0	0	0	0	0	0	0	0	0	0	0	0	0	0	0	0	0
P-0017925-T01-IM6	0.485488140126501	0	0	0	0	0	0	0	0	0	0	0	0	0.108187668236389	0	0	0	0	0.119498993889899	0	0	0	0	0	0.0640804726747685	0	0	0	0	0	0.121681462581507	0	0	0	0	0	0	0	0	0	0	0	0	0	0	0	0	0	0	0	0	0	0	0	0	0	0	0	0	0	0	0	0	0	0
P-0017986-T01-IM6	0.692807160883134	0	0	0	0	0	0	0	0	0	0	0	0	0.0687257287838829	0	0	0	0.0777219266717421	0	0	0	0	0	0	0	0	0	0	0	0	0	0	0	0	0	0	0	0	0	0	0	0	0	0	0	0	0.14429826596609	0	0	0	0	0	0	0	0	0	0	0	0	0	0	0	0	0	0
P-0019168-T01-IM6	0.466756023041638	0	0	0	0	0.168006364322503	0	0	0	0	0	0	0	0	0	0	0	0	0	0	0	0	0	0	0	0.0679383987150429	0	0	0	0.0862975799580607	0	0	0	0	0	0	0	0	0	0	0	0	0	0	0	0	0	0	0	0	0	0	0	0	0	0.0640404362902168	0	0	0	0	0	0	0	0	0
P-0019183-T01-IM6	0	0	0	0	0	0.061491009569084	0	0	0	0	0	0	0	0	0	0	0	0	0.770596555163169	0	0	0.0611014327588528	0	0	0	0	0	0	0	0	0	0	0.106811002508894	0	0	0	0	0	0	0	0	0	0	0	0	0	0	0	0	0	0	0	0	0	0	0	0	0	0	0	0	0	0	0	0
P-0019416-T01-IM6	0	0	0	0	0	0.252849998943887	0	0	0	0	0	0	0	0	0	0	0	0	0.413903988203814	0	0	0	0	0	0	0	0	0	0	0	0	0	0	0	0	0	0	0	0	0	0	0.231704961562655	0	0	0	0	0	0	0	0	0	0	0	0	0.0693957465787228	0	0	0	0	0	0	0	0	0	0
P-0019464-T01-IM6	0.53113305660624	0	0	0	0	0.0777155405559237	0	0	0	0	0	0	0	0.124180893035536	0	0	0	0	0.0902294517092493	0	0	0	0	0	0	0	0	0	0	0	0	0	0	0	0	0	0	0	0	0	0	0	0	0	0	0	0	0	0	0	0	0	0	0	0	0	0	0	0	0	0	0	0	0	0
P-0019475-T01-IM6	0.512735119873094	0	0	0	0	0	0	0	0	0	0	0	0	0	0	0	0	0	0	0	0	0	0	0	0	0.0945332345405471	0	0	0	0	0	0	0	0	0	0	0.0662900599560725	0	0	0	0	0	0	0	0	0	0	0	0.236921377770263	0	0	0	0	0	0	0	0	0	0	0	0	0	0	0	0
P-0019545-T01-IM6	0.508919463358097	0	0	0	0	0.226280369639975	0	0	0	0	0	0	0	0.235728903708157	0	0	0	0	0	0	0	0	0	0	0	0	0	0	0	0	0	0	0	0	0	0	0	0	0	0	0	0	0	0	0	0	0	0	0	0	0	0	0	0	0	0	0	0	0	0	0	0	0	0	0
P-0019807-T03-IM6	0.756441302687425	0	0	0	0	0	0	0	0	0	0	0	0	0	0	0	0	0	0	0	0	0	0	0	0	0	0	0	0	0	0	0	0	0	0	0	0	0	0	0	0	0	0	0	0	0	0.153415248267021	0	0	0	0	0	0	0	0	0	0	0	0	0	0	0	0	0	0
P-0020242-T01-IM6	0.561436512286245	0	0	0	0	0	0	0	0	0	0	0	0	0.0639068594140188	0	0	0	0	0	0	0	0	0	0	0.0784886019635231	0	0	0	0	0	0.185962923530855	0	0	0	0	0	0	0	0	0	0	0	0	0	0	0	0	0	0	0	0	0	0	0	0	0	0	0	0	0	0	0	0	0	0
P-0020431-T01-IM6	0.735729047799741	0	0	0	0	0	0	0	0	0	0	0	0	0.136606684611198	0	0	0	0	0	0	0	0	0	0	0	0	0	0	0	0	0	0	0	0	0	0	0	0	0	0	0	0	0	0	0	0	0	0	0	0	0	0	0.0666597302063438	0	0	0	0	0	0	0	0	0	0	0	0
P-0020616-T01-IM6	0.625069791411954	0	0	0	0	0	0	0	0	0	0	0	0	0.12018338351353	0	0	0	0.0993398680035939	0	0	0	0	0	0	0	0	0	0	0	0	0	0	0	0	0	0	0	0	0	0	0	0	0	0	0	0	0	0	0	0	0.0985990038887092	0	0	0	0	0	0	0	0	0	0	0	0	0	0
P-0020633-T01-IM6	0.412349810147241	0	0	0	0	0	0	0	0	0	0	0	0	0.0969220245990587	0	0	0	0	0	0	0	0	0	0	0	0.361102853091996	0	0	0	0	0	0	0	0	0	0	0	0	0	0	0	0	0	0	0	0	0	0	0	0	0	0	0	0	0	0	0	0	0	0	0	0	0	0	0
P-0021292-T01-IM6	0.641846680948157	0	0	0	0	0	0	0	0	0	0	0	0	0	0	0	0	0	0.0632768278956675	0	0	0	0	0	0.0829284126632239	0	0	0	0	0	0	0	0	0	0	0	0.104941377964437	0	0	0	0	0	0	0	0	0	0	0	0	0	0	0	0	0	0	0	0	0	0	0	0	0	0	0	0
P-0021315-T01-IM6	0	0	0	0	0	0.392399207494799	0	0	0	0	0	0	0	0.427993569623472	0	0	0	0	0.144629393848017	0	0	0	0	0	0	0	0	0	0	0	0	0	0	0	0	0	0	0	0	0	0	0	0	0	0	0	0	0	0	0	0	0	0	0	0	0	0	0	0	0	0	0	0	0	0
P-0021346-T01-IM6	0.389945765317725	0	0	0	0	0	0	0	0	0	0	0	0	0	0	0	0	0	0.498155490946913	0	0	0	0	0	0	0	0	0	0	0	0	0	0	0	0	0	0	0	0	0	0	0	0	0	0	0	0	0	0	0	0	0	0	0	0	0	0	0	0	0	0	0	0	0	0
P-0021744-T01-IM6	0.284199095068778	0	0	0	0	0.386285468625478	0	0	0	0	0	0	0	0	0	0	0	0	0.222676582075048	0	0	0	0	0	0	0	0	0	0	0	0	0	0	0	0	0	0	0	0	0	0	0	0	0	0	0	0	0	0	0	0	0	0	0	0	0	0	0	0	0	0	0	0	0	0
P-0021856-T01-IM6	0.753914382239658	0	0.11341345684997	0	0	0	0	0	0	0	0	0	0	0	0	0	0	0	0	0	0	0	0	0	0	0	0	0	0	0	0	0	0	0	0	0	0	0	0	0	0	0	0	0	0	0	0	0	0	0	0	0	0	0.0708345935353745	0	0	0	0	0	0	0	0	0	0	0
P-0022508-T01-IM6	0.652471164736038	0	0	0	0	0.271039246778043	0	0	0	0	0	0	0	0.0601510303219595	0	0	0	0	0	0	0	0	0	0	0	0	0	0	0	0	0	0	0	0	0	0	0	0	0	0	0	0	0	0	0	0	0	0	0	0	0	0	0	0	0	0	0	0	0	0	0	0	0	0	0
P-0023162-T01-IM6	0.20023915518857	0	0	0	0	0.294312041263899	0	0	0	0.074928451436156	0	0	0	0	0	0	0	0	0	0	0	0	0	0	0	0.277174970807399	0	0	0	0	0	0	0	0	0	0	0	0	0	0	0	0	0	0	0	0	0	0	0	0	0	0	0	0	0	0	0	0	0	0	0	0	0	0	0
P-0025047-T01-IM6	0.399766376789547	0	0	0	0	0	0	0	0	0	0	0	0	0.0977285383912358	0	0	0	0.0650530941086127	0	0	0	0	0	0	0	0.242391848024551	0	0	0	0	0	0	0	0	0	0	0.110316105490541	0	0	0	0	0	0	0	0	0	0	0	0	0	0	0	0	0.0847440170357778	0	0	0	0	0	0	0	0	0	0	0
P-0025073-T01-IM6	0.592390273267432	0	0	0	0	0	0	0	0	0.079743149811962	0	0	0	0	0	0	0	0	0.155705796417571	0	0	0	0	0	0	0	0	0	0	0	0	0	0	0	0	0	0	0	0	0	0	0	0	0	0	0	0	0	0	0	0	0	0	0	0	0	0	0	0	0	0	0	0	0	0
P-0025083-T01-IM6	0.53214705573407	0	0	0	0	0	0	0	0	0	0	0	0	0.151094089322005	0	0	0	0	0.202558387405342	0	0	0	0	0	0	0	0	0	0	0	0.0692158291957237	0	0	0	0	0	0	0	0	0	0	0	0	0	0	0	0	0	0	0	0	0	0	0	0	0	0	0	0	0	0	0	0	0	0
P-0025215-T01-IM6	0.326045555321656	0	0	0	0	0.25279433086348	0	0	0	0	0	0	0	0.113345566237766	0	0.208210089563762	0	0	0	0	0	0	0	0	0	0	0	0	0	0	0	0	0	0	0	0	0	0	0	0	0	0	0	0	0	0	0	0	0	0	0	0	0	0	0	0	0	0	0	0	0	0	0	0	0
P-0025695-T01-IM6	0.795148515951841	0	0	0	0	0	0	0	0	0	0	0	0	0.0641916230638924	0	0	0	0	0	0	0	0	0	0	0	0	0	0	0	0	0	0	0	0	0	0	0	0	0	0	0	0	0	0	0	0	0.0823814037907519	0	0	0	0	0	0	0	0	0	0	0	0	0	0	0	0	0	0
P-0025883-T01-IM6	0.207675402202574	0	0	0	0	0.455285264715815	0	0	0	0	0	0	0	0	0	0	0	0	0.14679025235389	0	0	0	0	0	0	0	0	0	0	0	0.0654404605751322	0	0	0	0	0	0	0	0	0	0	0	0	0	0	0	0	0	0	0	0	0	0	0	0	0	0	0	0	0	0	0	0	0	0
P-0025952-T01-IM6	0.592859404832654	0	0	0	0	0.136304920613947	0	0	0	0	0	0	0	0	0	0	0	0	0.182701035658913	0	0	0	0	0	0	0	0	0	0	0	0	0	0	0	0	0	0	0	0	0	0	0	0	0	0	0	0	0	0	0	0	0	0	0	0	0	0	0	0	0	0	0	0	0	0
P-0026118-T01-IM6	0.695988712946903	0	0	0	0	0	0	0	0	0	0	0	0	0	0	0	0	0	0	0.0615554173554925	0	0	0	0	0	0.0614738057163442	0	0	0	0	0	0	0	0	0	0	0.0688754153760153	0	0	0	0	0	0	0	0	0	0	0	0	0	0	0	0	0	0	0	0	0	0	0	0	0	0	0	0
P-0026678-T01-IM6	0.854221594181455	0	0	0	0	0	0	0	0	0	0	0	0	0.0820833591341968	0	0	0	0	0	0	0	0	0	0	0	0	0	0	0	0	0	0	0	0	0	0	0	0	0	0	0	0	0	0	0	0	0	0	0	0	0	0	0	0	0	0	0	0	0	0	0	0	0	0	0
P-0026683-T01-IM6	0.760439561807589	0	0	0	0	0	0	0	0	0	0	0	0	0.116272158252307	0	0	0	0	0	0	0	0	0	0	0	0	0	0	0	0	0	0	0	0	0	0	0	0	0	0	0	0	0	0	0	0	0	0	0	0	0	0	0	0	0	0	0	0	0	0	0	0	0	0	0
P-0026875-T01-IM6	0.211658152826593	0	0	0	0	0.0937848368940669	0	0	0	0	0	0	0	0.147431514057361	0	0	0	0	0.316246756814593	0	0	0	0	0	0	0.172414664610385	0	0	0	0	0	0	0	0	0	0	0	0	0	0	0	0	0	0	0	0	0	0	0	0	0	0	0	0	0	0	0	0	0	0	0	0	0	0	0
P-0026935-T03-IM6	0.550455723357742	0	0	0	0	0	0	0	0	0	0	0	0	0	0	0.206717557972953	0	0	0	0	0	0	0	0	0	0	0	0	0	0	0	0	0	0	0	0	0.149142966373967	0	0	0	0	0	0	0	0	0	0	0	0	0	0	0	0	0	0	0	0	0	0	0	0	0	0	0	0
P-0026962-T01-IM6	0.128035218745162	0	0	0	0	0	0	0	0	0	0	0	0	0.241915568643184	0	0	0	0	0.542907002654853	0	0	0	0	0	0	0.0677938326005331	0	0	0	0	0	0	0	0	0	0	0	0	0	0	0	0	0	0	0	0	0	0	0	0	0	0	0	0	0	0	0	0	0	0	0	0	0	0	0
P-0027241-T01-IM6	0.655074328457808	0	0	0	0	0	0	0	0	0	0	0	0	0	0	0	0	0	0	0	0	0	0	0	0	0	0	0	0	0	0.142839772016271	0	0	0	0	0	0	0	0	0	0	0	0	0	0	0	0.0915198561641545	0	0	0	0	0	0	0	0	0	0	0	0	0	0	0	0	0	0
P-0027335-T01-IM6	0.50733474981211	0	0	0	0	0	0	0	0	0	0	0	0	0	0	0	0	0	0.393963177799191	0	0	0	0	0	0	0	0	0	0	0	0	0	0	0	0	0	0	0	0	0	0	0	0	0	0	0	0	0	0	0	0	0	0	0	0	0	0	0	0	0	0	0	0	0	0
P-0027375-T01-IM6	0.266944422766878	0	0	0	0	0	0	0	0	0	0	0	0	0.30729406336553	0	0	0	0	0.235022548688323	0	0	0	0	0	0.0727569416092069	0.117982002197993	0	0	0	0	0	0	0	0	0	0	0	0	0	0	0	0	0	0	0	0	0	0	0	0	0	0	0	0	0	0	0	0	0	0	0	0	0	0	0
P-0027438-T01-IM6	0	0	0	0	0	0	0	0	0	0	0	0	0	0	0	0	0	0	0.940630726976141	0	0	0	0	0	0	0	0	0	0	0	0	0	0	0	0	0	0	0	0	0	0	0	0	0	0	0	0	0	0	0	0	0	0	0	0	0	0	0	0	0	0	0	0	0	0
P-0028014-T01-IM6	0.630333254777685	0	0	0	0	0	0	0	0	0	0	0	0	0.114436345097118	0	0	0	0	0.172499231267331	0	0	0	0	0	0	0	0	0	0	0	0	0	0	0	0	0	0	0	0	0	0	0	0	0	0	0	0	0	0	0	0	0	0	0	0	0	0	0	0	0	0	0	0	0	0
P-0028069-T01-IM6	0.381399761885764	0	0	0	0	0	0	0	0	0	0	0	0	0.172364541638704	0	0	0	0	0.164701323906354	0	0	0	0	0	0.0820219188788222	0	0	0	0	0	0.14032624824807	0	0	0	0	0	0	0	0	0	0	0	0	0	0	0	0	0	0	0	0	0	0	0	0	0	0	0	0	0	0	0	0	0	0
P-0028266-T01-IM6	0.791424188310154	0	0	0	0	0	0	0	0	0	0	0	0	0.114479504749066	0	0	0	0	0	0	0	0	0	0	0	0	0	0	0	0	0	0	0	0	0	0	0	0	0	0	0	0	0	0	0	0	0	0	0	0	0	0	0	0	0	0	0	0	0	0	0	0	0	0	0
P-0028344-T01-IM6	0.320481942454822	0	0	0	0	0	0	0	0	0	0	0	0	0.192768114459037	0	0	0	0	0.435705451921375	0	0	0	0	0	0	0	0	0	0	0	0	0	0	0	0	0	0	0	0	0	0	0	0	0	0	0	0	0	0	0	0	0	0	0	0	0	0	0	0	0	0	0	0	0	0
P-0028638-T01-IM6	0.535428028534529	0	0	0	0	0.119104954916483	0	0	0	0	0	0	0	0.15800806880037	0	0	0	0	0	0	0	0	0	0	0	0	0	0	0	0	0.0787011384171637	0	0	0	0	0	0	0	0	0	0	0	0	0	0	0	0.0897352399334571	0	0	0	0	0	0	0	0	0	0	0	0	0	0	0	0	0	0
P-0028701-T01-IM6	0.663379545414191	0	0	0	0	0	0	0	0	0	0	0	0	0.202680139615655	0	0	0	0	0.133940314970155	0	0	0	0	0	0	0	0	0	0	0	0	0	0	0	0	0	0	0	0	0	0	0	0	0	0	0	0	0	0	0	0	0	0	0	0	0	0	0	0	0	0	0	0	0	0
P-0028891-T01-IM6	0.862722899558463	0	0	0	0	0	0	0	0	0	0	0	0	0	0	0	0	0	0	0	0	0	0	0	0	0	0	0	0	0	0	0	0	0	0	0	0	0	0	0	0	0	0	0	0	0	0.0820442572178193	0	0	0	0	0	0	0	0	0	0	0	0	0	0	0	0	0	0
P-0028913-T02-IM6	0.668416304445716	0	0	0	0	0	0	0	0	0	0	0	0	0.159974974265615	0	0	0	0	0.119387195572697	0	0	0	0	0	0	0	0	0	0	0	0	0	0	0	0	0	0	0	0	0	0	0	0	0	0	0	0	0	0	0	0	0	0	0	0	0	0	0	0	0	0	0	0	0	0
P-0029169-T01-IM6	0.373969239422631	0	0	0	0	0	0	0	0	0	0	0	0	0	0	0	0	0	0.593521033624086	0	0	0	0	0	0	0	0	0	0	0	0	0	0	0	0	0	0	0	0	0	0	0	0	0	0	0	0	0	0	0	0	0	0	0	0	0	0	0	0	0	0	0	0	0	0
P-0029248-T01-IM6	0.811750913984097	0	0	0	0	0	0	0	0	0	0	0	0	0.0826178525752549	0	0	0	0	0	0	0	0	0	0	0	0	0	0	0	0	0	0	0	0	0	0	0.0824608416020409	0	0	0	0	0	0	0	0	0	0	0	0	0	0	0	0	0	0	0	0	0	0	0	0	0	0	0	0
P-0029398-T01-IM6	0.503170821822185	0	0	0	0	0	0	0	0	0	0	0	0	0.209977803205373	0	0	0	0	0.123662487320464	0	0	0	0	0	0.0747236589576426	0	0	0	0	0	0	0	0	0	0	0	0	0	0	0	0	0	0	0	0	0	0	0	0	0	0	0	0	0	0	0	0	0	0	0	0	0	0	0	0
P-0029399-T01-IM6	0.421706617704494	0	0	0	0	0.126502856277075	0	0	0	0	0	0	0	0.188370396361355	0	0	0	0	0	0	0	0	0	0	0	0	0	0	0	0.0709184399037897	0	0	0	0	0	0	0	0	0	0	0	0	0	0	0	0	0	0	0	0	0	0	0	0	0	0	0	0	0	0	0	0	0	0	0
P-0029495-T03-IM6	0.730727511862223	0	0	0	0	0	0	0	0	0	0	0	0	0.156034882554969	0	0	0	0	0.0638054696063462	0	0	0	0	0	0	0	0	0	0	0	0	0	0	0	0	0	0	0	0	0	0	0	0	0	0	0	0	0	0	0	0	0	0	0	0	0	0	0	0	0	0	0	0	0	0
P-0029983-T01-IM6	0	0	0	0	0	0	0	0	0	0	0	0	0	0	0	0	0	0	0	0.0788818946312289	0	0	0	0	0	0.273693589028521	0	0	0	0	0	0	0	0	0	0	0	0	0	0	0	0	0	0	0	0	0	0	0.283682872641711	0	0	0	0.274031894115496	0	0	0	0	0	0	0	0	0	0	0	0
P-0030205-T01-IM6	0	0	0	0	0	0.135637382802054	0	0	0	0.154218062871393	0	0	0	0	0	0	0	0	0.617145807644456	0	0	0	0	0	0	0	0	0	0	0	0	0	0	0	0	0	0	0	0	0	0	0	0	0	0	0	0	0	0	0	0	0	0	0	0	0	0	0	0.0809544310990784	0	0	0	0	0	0
P-0030265-T01-IM6	0.25769249735687	0	0	0	0	0	0	0	0	0	0	0	0	0	0	0	0	0	0.742307502643131	0	0	0	0	0	0	0	0	0	0	0	0	0	0	0	0	0	0	0	0	0	0	0	0	0	0	0	0	0	0	0	0	0	0	0	0	0	0	0	0	0	0	0	0	0	0
P-0030383-T01-IM6	0.27689351560829	0	0	0	0	0.363055594069642	0	0	0	0	0	0	0	0.293363506088803	0	0	0	0	0	0	0	0	0	0	0	0	0	0	0	0	0	0	0	0	0	0	0	0	0	0	0	0	0	0	0	0	0	0	0	0	0	0	0	0	0	0	0	0	0	0	0	0	0	0	0
P-0030513-T02-IM6	0.162986704644504	0	0	0	0	0.620271147289721	0	0	0	0	0	0	0	0	0	0	0	0	0.133747244667034	0	0	0	0	0	0	0	0	0	0	0	0.064092469489969	0	0	0	0	0	0	0	0	0	0	0	0	0	0	0	0	0	0	0	0	0	0	0	0	0	0	0	0	0	0	0	0	0	0
P-0030615-T01-IM6	0.433614566929913	0	0	0	0	0.255620887461992	0	0	0	0	0	0	0	0	0	0	0	0	0	0	0	0	0	0	0	0	0	0	0	0	0.0914221959179126	0	0	0	0	0	0	0	0	0	0	0	0	0	0	0	0	0	0	0	0	0	0	0	0	0	0	0	0	0	0	0	0	0	0
P-0030634-T01-IM6	0.687645997200734	0	0	0	0	0	0	0	0	0	0	0	0	0.0771163660446883	0	0	0	0	0	0	0	0	0	0	0	0.11872510615262	0	0	0	0	0	0	0	0	0	0	0	0	0	0	0	0	0	0	0	0	0	0	0	0	0	0	0	0	0	0	0	0	0	0	0	0	0	0	0
P-0030708-T01-IM6	0.695805208480229	0	0	0	0	0	0	0	0	0	0	0	0	0	0	0	0	0	0	0	0	0	0	0	0	0	0	0	0	0	0.0764311552841617	0	0	0	0	0	0	0	0	0	0	0	0	0	0	0	0.182024200013897	0	0	0	0	0	0	0	0	0	0	0	0	0	0	0	0	0	0
P-0030951-T01-IM6	0.396494547622444	0	0	0	0	0	0	0	0	0	0	0	0	0.26192787662309	0	0	0	0	0	0	0	0	0	0	0	0.157836574483779	0	0	0	0	0	0	0	0	0	0	0	0	0	0	0	0	0	0	0	0	0.111771521374459	0	0	0	0	0	0	0	0	0	0	0	0	0	0	0	0	0	0
P-0030960-T01-IM6	0.598491892429248	0	0	0	0	0	0	0	0	0	0	0	0	0	0	0	0	0	0	0	0	0	0	0	0	0	0	0	0	0	0	0	0	0	0	0	0.0784214333970535	0	0	0	0	0	0	0	0.0672504816737682	0	0	0	0	0	0	0	0	0	0	0	0	0	0	0	0	0	0	0	0
P-0030988-T01-IM6	0	0	0	0	0	0.1210353363419	0	0	0	0	0	0	0	0.100513046451022	0	0	0	0	0.697919875058364	0	0	0	0	0	0	0	0	0	0	0	0	0	0	0	0	0	0	0	0	0	0	0	0	0	0	0	0	0	0	0	0	0	0	0	0	0	0	0	0.0609119628793199	0	0	0	0	0	0
P-0031050-T01-IM6	0.174515588888385	0	0	0	0	0	0	0	0	0	0	0	0	0	0	0	0	0	0.528850976332843	0	0	0	0	0	0	0	0	0	0	0	0.178726823976504	0	0	0	0	0	0	0	0	0	0	0	0	0	0	0	0	0	0	0	0	0	0	0	0	0	0	0	0	0	0	0	0	0	0
P-0031146-T01-IM6	0.473547165318374	0	0	0	0	0	0	0	0	0	0	0	0	0	0	0	0	0	0.519342583264208	0	0	0	0	0	0	0	0	0	0	0	0	0	0	0	0	0	0	0	0	0	0	0	0	0	0	0	0	0	0	0	0	0	0	0	0	0	0	0	0	0	0	0	0	0	0
P-0031173-T01-IM6	0.342499398158494	0	0	0	0	0	0	0	0	0	0	0	0	0.301986062891134	0	0	0	0	0.284609554302701	0	0	0	0	0	0	0	0	0	0	0	0	0	0	0	0	0	0	0	0	0	0	0	0	0	0	0	0	0	0	0	0	0	0	0	0	0	0	0	0	0	0	0	0	0	0
P-0031207-T01-IM6	0.678924977775677	0	0	0	0	0	0	0	0	0	0	0	0	0	0	0	0	0	0	0	0	0	0	0	0	0	0	0.0812967683951072	0	0	0.15652391266003	0	0	0	0	0	0	0	0	0	0	0	0	0	0	0	0	0	0	0	0	0	0	0	0	0	0	0	0	0	0	0	0	0	0
P-0031479-T01-IM6	0.30874819784624	0	0	0	0	0	0	0	0	0	0	0	0	0	0	0	0	0	0.193623977103426	0	0	0	0	0	0.16892176883253	0	0	0	0	0	0.15054322035556	0	0	0	0	0	0	0	0	0	0	0	0	0	0	0	0	0	0	0	0	0	0	0	0	0	0	0	0	0	0	0	0	0	0
P-0031956-T01-IM6	0.0747064025994837	0	0	0	0.111350103006779	0.428349451635975	0	0	0	0	0	0	0	0	0	0	0	0.0673369694072714	0	0	0	0	0	0	0	0.204225090108844	0	0	0	0	0	0	0	0	0	0	0	0	0	0	0	0	0	0	0	0	0	0	0	0	0	0	0	0	0	0	0	0	0	0	0	0	0	0	0
P-0032698-T01-IM6	0.630103349358594	0	0	0	0	0	0	0	0	0	0	0	0	0	0	0	0	0.114752875279365	0.109313269510833	0	0	0	0	0	0.107060276878558	0	0	0	0	0	0	0	0	0	0	0	0	0	0	0	0	0	0	0	0	0	0	0	0	0	0	0	0	0	0	0	0	0	0	0	0	0	0	0	0
P-0033382-T01-IM6	0.720779225710239	0	0	0	0	0	0	0	0	0	0	0	0	0.241639976197672	0	0	0	0	0	0	0	0	0	0	0	0	0	0	0	0	0	0	0	0	0	0	0	0	0	0	0	0	0	0	0	0	0	0	0	0	0	0	0	0	0	0	0	0	0	0	0	0	0	0	0
P-0033503-T01-IM6	0.80454277849345	0	0	0	0	0	0	0	0	0	0	0	0	0.109634169064522	0	0	0	0	0	0	0	0	0	0	0	0	0	0	0	0	0	0	0	0	0	0	0	0	0	0	0	0	0	0	0	0	0	0	0	0	0	0	0	0	0	0	0	0	0	0	0	0	0	0	0
P-0034950-T01-IM6	0.684400015511178	0	0.0981662197851347	0	0	0	0	0	0	0	0	0	0	0	0	0	0	0	0.111664770222064	0	0	0	0	0	0	0	0	0	0	0	0	0	0	0	0	0	0	0	0	0	0	0	0	0	0	0	0	0	0	0	0	0	0	0	0	0	0	0	0	0	0	0	0	0	0
P-0035100-T01-IM6	0.863441738692533	0	0	0	0	0	0	0	0	0	0	0	0	0	0	0	0	0	0	0	0	0	0	0	0	0	0	0	0	0	0	0	0	0	0	0	0	0	0	0	0	0	0	0	0	0	0	0	0	0	0	0	0	0	0	0	0	0	0	0	0	0	0	0	0
P-0035452-T01-IM6	0.552678874642914	0	0	0	0	0	0	0	0	0	0	0	0	0.0962905720162556	0	0	0	0	0	0	0	0	0	0	0	0	0	0	0	0	0	0	0	0	0	0	0	0	0	0	0	0	0	0	0	0	0.118089803698516	0	0	0	0	0	0	0	0	0	0	0	0	0	0	0	0	0	0
P-0035750-T01-IM6	0.55200844904782	0	0	0	0	0	0	0	0	0	0	0	0	0.126277428967922	0	0	0	0	0	0	0	0	0	0	0	0.0675348406994817	0	0	0.0671641242257249	0	0.134541111807338	0	0	0	0	0	0	0	0	0	0	0	0	0	0	0	0	0	0	0	0	0	0	0	0	0	0	0	0	0	0	0	0	0	0
P-0035892-T01-IM6	0.750400947622249	0	0	0	0	0	0	0	0	0	0	0	0	0	0	0	0	0	0	0	0	0	0	0	0	0	0	0	0	0	0.0859868584784255	0	0	0	0	0	0.130317792297898	0	0	0	0	0	0	0	0	0	0	0	0	0	0	0	0	0	0	0	0	0	0	0	0	0	0	0	0
P-0036230-T01-IM6	0	0	0	0	0.105655638186514	0	0	0	0	0	0	0	0	0.489657212982974	0	0	0	0	0	0.184704548703938	0	0	0	0	0.0742275708493516	0	0	0	0	0	0	0	0	0	0	0	0	0	0	0	0	0	0	0	0	0	0	0	0	0	0	0	0	0	0	0	0	0	0.089668557172773	0	0	0	0	0	0
P-0036284-T01-IM6	0.682922259554872	0	0	0	0	0	0	0	0	0	0	0	0	0.0664269988630247	0	0	0	0	0	0	0	0	0	0	0.0666312280911405	0	0	0	0	0	0.06391031025718	0	0	0	0	0	0	0	0	0	0	0	0	0	0	0	0	0	0	0	0	0	0	0	0	0	0	0	0	0	0	0	0	0	0
P-0036380-T01-IM6	0	0	0	0	0	0.351370745116839	0	0	0	0	0	0	0	0.229363344431999	0	0	0	0	0	0	0	0	0	0	0	0	0	0	0	0.136797252411983	0	0	0	0	0	0	0.128518941480595	0	0	0	0	0	0	0	0	0	0	0	0	0	0	0	0	0	0	0	0	0	0	0	0	0	0	0	0
P-0036383-T01-IM6	0.170720394603117	0	0	0	0	0.352709441200607	0	0	0	0	0	0	0	0.337542861111685	0	0	0	0	0	0	0	0	0	0	0	0	0	0	0	0	0	0	0	0	0	0	0	0	0	0	0	0	0	0	0	0	0	0	0	0	0	0	0	0	0	0	0	0	0.0998850165463357	0	0	0	0	0	0
P-0036500-T01-IM6	0.493948723275834	0	0	0	0	0	0	0	0	0	0	0	0	0.223134627043943	0	0	0	0	0.282916619692065	0	0	0	0	0	0	0	0	0	0	0	0	0	0	0	0	0	0	0	0	0	0	0	0	0	0	0	0	0	0	0	0	0	0	0	0	0	0	0	0	0	0	0	0	0	0
P-0036505-T01-IM6	0	0	0	0	0	0.591940128921962	0	0	0	0	0	0	0	0	0	0	0	0	0	0	0	0	0	0	0.135010938020196	0	0	0	0	0	0	0	0	0	0	0	0.0951613310486261	0	0	0	0	0	0	0	0	0.114143313010784	0	0	0	0	0	0	0	0	0	0	0	0	0	0	0	0	0	0	0
P-0036564-T03-IM6	0.938142158804843	0	0	0	0	0	0	0	0	0	0	0	0	0	0	0	0	0	0	0	0	0	0	0	0	0	0	0	0	0	0	0	0	0	0	0	0	0	0	0	0	0	0	0	0	0	0	0	0	0	0	0	0	0	0	0	0	0	0	0	0	0	0	0	0
P-0036568-T01-IM6	0.50709376194172	0	0	0	0	0	0	0	0	0	0	0	0	0	0	0	0	0	0.31819801890636	0	0	0	0	0	0	0	0	0	0	0	0.0853166637830316	0	0	0	0	0	0	0	0	0	0	0	0	0	0	0	0	0	0	0	0	0	0	0	0	0	0	0	0	0	0	0	0	0	0
P-0036740-T03-IM6	0	0	0	0	0	0.418432414478152	0	0	0	0	0	0	0	0.244755771644766	0	0	0	0	0.199484080943483	0	0	0	0	0	0	0	0	0	0	0	0.1373277329336	0	0	0	0	0	0	0	0	0	0	0	0	0	0	0	0	0	0	0	0	0	0	0	0	0	0	0	0	0	0	0	0	0	0
P-0036868-T01-IM6	0.434130764802023	0.0727088705054432	0	0	0	0.242671345348997	0	0	0	0	0	0	0	0	0	0	0	0	0	0	0	0	0	0	0	0	0	0	0	0	0	0	0	0	0	0	0	0	0	0	0	0	0	0	0	0	0	0	0	0	0	0	0	0	0	0	0	0	0	0	0	0	0.109876813942545	0	0
P-0036924-T01-IM6	0	0	0	0	0.176326503998019	0	0	0	0	0	0	0	0	0	0	0	0	0	0	0	0	0	0	0	0	0.190457687959108	0	0	0	0.0981640989819576	0	0	0	0	0	0	0.0678741638505944	0	0	0	0	0	0	0	0	0	0	0	0.084688346274021	0	0	0	0	0	0	0.151167525073533	0	0	0.161213261322975	0	0	0	0	0	0
P-0036993-T01-IM6	0.693501342422297	0	0	0	0	0	0	0	0	0	0	0	0	0	0	0	0	0	0	0	0	0	0	0	0	0.225586464255446	0	0	0	0	0	0	0	0	0	0	0	0	0	0	0	0	0	0	0	0	0	0	0	0	0	0	0	0	0	0	0	0	0	0	0	0	0	0	0
P-0037001-T01-IM6	0.510292868387052	0	0	0	0	0.179930382360464	0	0	0	0	0	0	0	0	0	0	0	0	0.168819197189874	0	0	0	0	0	0	0	0	0	0	0	0	0	0	0	0	0	0	0	0	0	0	0	0	0	0	0	0	0	0	0	0	0	0	0	0	0	0	0	0	0	0	0	0	0	0
P-0037006-T01-IM6	0	0	0	0	0	0	0	0	0	0	0	0	0	0.181240650494971	0	0	0	0	0.549960646687578	0	0	0	0	0	0	0.222385567138851	0	0	0	0	0	0	0	0	0	0	0	0	0	0	0	0	0	0	0	0	0	0	0	0	0	0	0	0	0	0	0	0	0	0	0	0	0	0	0
P-0037032-T01-IM6	0.331904223084125	0	0	0	0	0	0	0	0	0	0	0	0	0	0	0	0	0	0.585236179730174	0	0	0	0	0	0	0.0828595698773858	0	0	0	0	0	0	0	0	0	0	0	0	0	0	0	0	0	0	0	0	0	0	0	0	0	0	0	0	0	0	0	0	0	0	0	0	0	0	0
P-0037042-T01-IM6	0.796932150135181	0	0	0	0	0	0	0	0	0	0	0	0	0.0709534541831933	0	0	0	0.0778999244558939	0	0	0	0	0	0	0	0	0	0	0	0	0	0	0	0	0	0	0	0	0	0	0	0	0	0	0	0	0	0	0	0	0	0	0	0	0	0	0	0	0	0	0	0	0	0	0
P-0037383-T01-IM6	0	0	0	0	0.152191096371237	0.2913733541904	0	0	0	0	0	0	0	0.453809256842096	0	0	0	0	0	0	0	0	0	0	0	0	0	0	0	0	0	0	0	0	0	0	0	0	0	0	0	0	0	0	0	0	0	0	0	0	0	0	0	0	0	0	0	0	0	0	0	0	0	0	0
P-0037410-T01-IM6	0.391263730854817	0	0	0	0	0	0	0	0	0	0	0	0	0	0	0.210798754707056	0	0	0.218315134143905	0	0	0	0	0	0	0	0	0	0	0	0	0	0	0	0	0	0.117119595755706	0	0	0	0	0	0	0	0	0	0	0	0	0	0	0	0	0	0	0	0	0	0	0	0	0	0	0	0
P-0037582-T01-IM6	0.701144298067307	0	0	0	0	0	0	0	0	0	0	0	0	0	0	0.0986440872146945	0	0	0.144992232219262	0	0	0	0	0	0	0	0	0	0	0	0	0	0	0	0	0	0	0	0	0	0	0	0	0	0	0	0	0	0	0	0	0	0	0	0	0	0	0	0	0	0	0	0	0	0
P-0037721-T01-IM6	0	0	0	0	0	0	0	0	0	0	0.0964069786491482	0	0	0.194583293507751	0	0	0	0	0.465801485212915	0	0	0	0	0	0	0	0	0	0	0	0	0.0750187784137009	0	0	0	0	0	0	0	0	0	0	0	0	0	0	0	0	0	0	0	0	0	0	0	0	0	0	0	0	0	0	0	0	0
P-0037838-T02-IM6	0.647006234775098	0	0	0	0	0	0	0	0	0	0	0	0	0	0	0	0	0.0631221852127252	0.135629876983609	0	0	0	0	0	0	0	0	0	0	0	0	0	0	0	0	0	0	0	0	0	0	0	0	0	0	0	0	0	0	0	0	0	0	0	0	0	0	0	0	0	0	0	0	0	0
P-0037867-T01-IM6	0.343475613136963	0	0	0	0	0	0	0	0	0	0	0	0	0.295795180620704	0	0	0	0	0.177479293899559	0	0	0	0	0	0.0871421280378883	0	0	0	0	0	0	0	0	0	0	0	0	0	0	0	0	0	0	0	0	0	0	0	0	0	0	0	0	0	0	0	0	0	0	0	0	0	0	0	0
P-0037875-T01-IM6	0.39971015092728	0	0	0	0	0	0	0	0	0	0	0	0	0.203612819132651	0	0	0	0	0	0	0	0	0	0	0	0.101205646739666	0	0	0	0	0	0	0	0	0	0	0	0	0	0	0	0	0	0	0	0	0	0	0.181979992027363	0	0	0	0	0	0	0	0	0	0	0	0	0	0	0	0
P-0037940-T01-IM6	0.453486013922549	0	0	0	0	0	0	0	0	0	0	0	0	0	0	0	0	0	0	0	0	0	0	0	0	0.464127995608623	0	0	0	0	0	0	0	0	0	0	0	0	0	0	0	0	0	0	0	0	0	0	0	0	0	0	0	0	0	0	0	0	0	0	0	0	0	0	0
P-0038016-T01-IM6	0.505550332889765	0	0	0	0	0.23782301929427	0	0	0	0	0	0	0	0.144448026738201	0	0	0	0	0	0	0	0	0	0	0	0.0770538721376854	0	0	0	0	0	0	0	0	0	0	0	0	0	0	0	0	0	0	0	0	0	0	0	0	0	0	0	0	0	0	0	0	0	0	0	0	0	0	0
P-0038069-T01-IM6	0	0	0	0	0	0	0	0	0	0	0.0721433302537735	0	0	0.152786287950695	0	0	0	0	0.106528303508505	0	0	0	0	0	0	0.166416886793573	0	0	0	0	0.273909354631015	0	0	0	0	0	0	0	0	0	0	0	0	0.0972171925651513	0	0	0	0	0	0	0	0	0	0.0802560121997162	0	0	0	0	0	0	0	0	0	0	0
P-0038084-T01-IM6	0.728155139234418	0	0	0	0	0	0	0	0	0	0	0	0	0.201334921974445	0	0	0	0	0	0	0	0	0	0	0	0	0	0	0	0	0	0	0	0	0	0	0	0	0	0	0	0	0	0	0	0	0	0	0	0	0	0	0	0	0	0	0	0	0	0	0	0	0	0	0
P-0038159-T01-IM6	0.781087629557693	0	0	0	0	0	0	0	0	0	0	0	0	0	0	0	0	0	0	0	0	0	0	0	0	0.146953072568053	0	0.0719592978742541	0	0	0	0	0	0	0	0	0	0	0	0	0	0	0	0	0	0	0	0	0	0	0	0	0	0	0	0	0	0	0	0	0	0	0	0	0
P-0038304-T01-IM6	0.330879483503083	0	0	0	0	0	0	0	0	0.126094062076457	0	0	0	0.110234337925937	0	0	0	0	0	0	0	0	0	0	0	0	0	0	0	0	0	0	0	0	0	0	0	0	0	0	0	0	0	0	0	0	0.177223465219396	0	0	0	0	0	0	0	0	0	0	0	0.129378828317789	0	0	0	0	0	0
P-0038378-T01-IM6	0.637386559593529	0	0	0	0	0	0	0	0	0	0	0	0	0	0	0	0	0	0	0.114788290542811	0	0	0	0	0	0	0	0	0	0	0.0720427400827353	0	0	0	0	0	0	0	0	0	0	0	0	0	0	0	0	0	0	0	0	0	0	0	0	0	0	0	0	0	0	0	0	0	0
P-0038520-T01-IM6	0.459461929196474	0	0	0	0	0	0	0	0	0	0	0	0	0	0	0	0	0.112343568045749	0	0	0	0	0	0	0	0.266668325707062	0	0	0	0	0	0	0	0	0	0	0	0	0	0	0	0	0	0	0	0	0	0	0	0	0	0	0	0	0	0	0	0	0	0	0	0	0	0	0
P-0038537-T01-IM6	0.738835734064369	0	0	0	0	0	0	0	0	0	0	0	0	0	0	0	0	0	0	0	0	0	0	0	0	0.166951342942436	0	0	0	0	0	0	0	0	0	0	0	0	0	0	0	0	0	0	0	0	0	0	0	0	0	0	0	0	0	0	0	0	0	0	0	0	0	0	0
P-0038544-T01-IM6	0.789198739877967	0	0	0	0	0	0	0	0	0	0	0	0	0	0	0	0	0	0	0	0	0	0	0	0	0.124309997211377	0	0	0	0	0	0	0	0	0	0	0	0	0	0	0	0	0	0	0	0	0	0	0	0	0	0	0	0	0	0	0	0	0	0	0	0	0	0	0
P-0038553-T01-IM6	0.217384991550216	0	0	0	0	0	0	0	0	0	0	0	0	0	0	0	0	0	0.34983741158275	0	0	0	0	0	0	0	0	0	0	0	0.147880052551245	0	0	0	0	0	0	0	0	0	0	0.0630232681165584	0	0	0	0	0	0	0	0	0	0	0	0	0	0	0	0	0	0	0	0	0	0	0
P-0038638-T01-IM6	0.396852125815703	0	0	0	0	0	0	0	0	0	0	0	0	0.153044972610712	0	0	0	0.0772898194817654	0	0	0	0	0	0	0	0	0	0	0	0	0	0	0	0	0	0	0.245876276674366	0	0	0	0	0	0	0	0	0	0	0	0	0	0	0	0	0	0	0	0	0	0	0	0	0	0	0	0
P-0038870-T01-IM6	0.616912531798467	0	0	0	0	0	0	0	0	0.0709871446734063	0	0	0	0.175500522897123	0	0	0	0	0	0	0	0	0	0	0	0.095069633260324	0	0	0	0	0	0	0	0	0	0	0	0	0	0	0	0	0	0	0	0	0	0	0	0	0	0	0	0	0	0	0	0	0	0	0	0	0	0	0
P-0038880-T01-IM6	0.76640654694	0	0	0	0	0	0	0	0	0	0	0	0	0.110762407533164	0	0	0	0	0	0	0	0	0	0	0	0	0	0	0	0	0	0	0	0	0	0	0.060239797967268	0	0	0	0	0	0	0	0	0	0	0	0	0	0	0	0	0	0	0	0	0	0	0	0	0	0	0	0
P-0038908-T01-IM6	0.592648423551364	0	0	0	0	0	0	0	0	0	0	0	0	0.199858410622345	0	0	0	0	0	0	0	0	0	0	0.0997695800919052	0	0	0	0	0	0	0	0	0	0	0	0	0	0	0	0	0	0	0	0	0	0	0	0	0	0	0	0	0	0	0	0	0	0.0839362427806293	0	0	0	0	0	0
P-0038944-T01-IM6	0.417664969559958	0	0	0	0	0	0	0	0	0	0	0	0	0.4291165766901	0	0	0	0	0.0712234839649441	0	0	0	0	0	0	0	0	0	0	0	0	0	0	0	0	0	0	0	0	0	0	0	0	0	0	0	0	0	0	0	0	0	0	0	0	0	0	0	0.0819949500548811	0	0	0	0	0	0
P-0039004-T01-IM6	0.313735078958207	0	0	0	0	0.35843163577544	0	0	0	0	0	0	0	0.161562275191192	0	0	0	0	0.0673941210024529	0	0	0	0	0	0	0	0	0	0	0	0	0	0	0	0	0	0	0	0	0	0	0	0	0	0	0	0	0	0	0	0	0	0	0	0	0	0	0	0	0	0	0	0	0	0
P-0039072-T01-IM6	0.0839645748845702	0	0	0	0	0.438772303417179	0	0	0	0	0	0	0	0	0	0	0	0	0.29850717515317	0	0	0.0633853721905891	0	0	0	0.0626483551320164	0	0	0	0	0	0	0	0	0	0	0	0	0	0	0	0	0	0	0	0	0	0	0	0	0	0	0	0	0	0	0	0	0	0	0	0	0	0	0
P-0039184-T01-IM6	0.531977752967014	0	0	0	0	0	0	0	0	0	0	0	0	0	0	0	0	0	0.308525350368807	0	0	0	0	0	0	0	0	0	0	0	0	0	0	0	0	0	0	0	0	0	0	0	0	0.122091744189222	0	0	0	0	0	0	0	0	0	0	0	0	0	0	0	0	0	0	0	0	0
P-0039283-T01-IM6	0.634531769635455	0	0	0	0	0	0	0	0	0	0	0	0	0.172922318925803	0	0	0	0	0.118233167585584	0	0	0	0	0	0	0	0	0	0	0	0	0	0	0	0	0	0	0	0	0	0	0	0	0	0	0	0	0	0	0	0	0	0	0	0	0	0	0	0	0	0	0	0	0	0
P-0039441-T01-IM6	0.700496525231535	0	0	0	0	0	0	0	0	0	0	0	0	0	0	0	0	0	0	0	0	0	0	0	0	0	0	0	0	0	0	0	0	0	0	0	0	0	0	0	0	0	0	0	0	0	0.221060909382531	0	0	0	0	0	0	0	0	0	0	0	0	0	0	0	0	0	0
P-0039443-T01-IM6	0.756428365877683	0	0	0	0	0	0	0	0	0	0	0	0	0.112286596051205	0	0	0	0	0	0	0	0	0	0	0	0	0	0	0	0	0	0	0	0	0	0	0	0	0	0	0	0	0	0	0	0	0	0	0	0	0	0	0	0	0	0	0	0	0	0	0	0	0	0	0
P-0039466-T01-IM6	0.449539833633542	0	0	0	0	0	0	0	0	0	0	0	0	0	0	0.0905079732075448	0	0	0.266014139989629	0	0	0	0	0	0	0	0	0	0	0	0	0	0	0	0	0	0	0	0	0	0	0	0	0	0	0	0	0	0	0	0	0	0	0	0	0	0	0	0	0	0	0	0	0	0
P-0039477-T01-IM6	0.889084786950362	0	0	0	0	0	0	0	0	0	0	0	0	0.0712325921819062	0	0	0	0	0	0	0	0	0	0	0	0	0	0	0	0	0	0	0	0	0	0	0	0	0	0	0	0	0	0	0	0	0	0	0	0	0	0	0	0	0	0	0	0	0	0	0	0	0	0	0
P-0039559-T01-IM6	0.992984208829695	0	0	0	0	0	0	0	0	0	0	0	0	0	0	0	0	0	0	0	0	0	0	0	0	0	0	0	0	0	0	0	0	0	0	0	0	0	0	0	0	0	0	0	0	0	0	0	0	0	0	0	0	0	0	0	0	0	0	0	0	0	0	0	0
P-0039589-T01-IM6	0.575854085608169	0	0	0	0	0	0	0	0	0	0	0	0	0	0	0	0	0.0887643059362909	0.0738372722809595	0	0	0	0	0	0	0	0	0	0	0	0	0	0	0	0	0	0.140047137770111	0	0	0	0	0	0	0	0	0	0	0	0	0	0	0	0	0	0	0	0	0	0	0	0	0	0	0	0
P-0039596-T01-IM6	0.582903805289932	0	0	0	0	0	0	0	0	0	0	0	0	0	0	0	0	0	0.117035185209271	0	0	0	0	0	0	0	0	0	0	0	0.0802473257930497	0	0	0	0	0	0	0	0	0	0	0	0	0	0	0	0	0	0	0	0	0	0	0	0	0	0	0	0	0	0	0	0	0	0
P-0039599-T01-IM6	0	0	0	0	0	0	0.0734469254724753	0	0	0	0	0	0	0	0	0	0	0	0	0	0	0	0	0	0	0.367924796393993	0	0	0	0	0	0	0.0887722786207032	0	0	0	0	0	0	0	0	0	0	0	0	0	0	0	0	0	0	0.108424822615994	0.339931476918159	0	0	0	0	0	0	0	0	0	0	0	0
P-0039779-T01-IM6	0	0	0	0	0	0.24196784664723	0	0	0	0	0	0	0	0.107509393693756	0	0	0	0	0	0	0	0.101425565056052	0	0	0	0	0	0	0	0	0	0	0	0	0	0	0.226501520694782	0	0	0	0	0	0	0	0	0	0	0	0	0	0	0	0.10146185086458	0	0	0	0	0	0.0611458541036678	0	0	0	0	0.067243402960565	0
P-0039800-T01-IM6	0.776589787452956	0	0	0	0	0	0	0	0	0	0	0	0	0	0	0	0	0	0.223410212547044	0	0	0	0	0	0	0	0	0	0	0	0	0	0	0	0	0	0	0	0	0	0	0	0	0	0	0	0	0	0	0	0	0	0	0	0	0	0	0	0	0	0	0	0	0	0
P-0039854-T01-IM6	0.43118461359928	0	0	0	0	0	0	0	0	0	0	0	0	0.279260382480376	0	0	0	0	0	0.175789396234896	0	0	0	0	0	0	0	0	0	0	0	0	0	0	0	0	0	0	0	0	0	0	0	0	0	0	0	0	0	0	0	0	0.0755906424168125	0	0	0	0	0	0	0	0	0	0	0	0
P-0039888-T01-IM6	0.648840095282589	0	0	0	0	0	0	0	0	0	0	0	0	0	0	0	0	0	0.208997668215593	0	0	0	0	0	0	0	0	0	0	0	0	0	0	0	0	0	0	0	0	0	0	0	0	0	0	0	0	0	0	0	0	0	0	0	0	0	0	0	0	0	0	0	0	0	0
P-0039938-T01-IM6	0.632300729886209	0	0	0	0	0	0	0	0	0	0	0	0	0	0	0	0	0.0649903397659388	0.145259098644686	0.0756077593238551	0	0	0	0	0	0	0	0	0	0	0	0	0	0	0	0	0	0	0	0	0	0	0	0	0	0	0	0	0	0	0	0	0	0	0	0	0	0	0	0	0	0	0	0	0
P-0040021-T01-IM6	0.363062834075995	0	0	0	0	0.31708139068538	0	0	0	0	0	0	0	0.101396015832935	0	0	0	0	0	0	0	0	0	0	0	0	0	0	0	0	0	0	0	0	0	0	0	0	0	0	0	0	0	0	0	0	0	0	0	0	0	0	0	0	0	0	0	0	0	0	0	0	0	0.0734144495576905	0
P-0040107-T01-IM6	0.368586634768626	0	0	0	0	0.202670031649768	0	0	0	0	0	0	0	0	0	0.112754395240338	0	0	0.263393020906223	0	0	0	0	0	0	0	0	0	0	0	0	0	0	0	0	0	0	0	0	0	0	0	0	0	0	0	0	0	0	0	0	0	0	0	0	0	0	0	0	0	0	0	0	0	0
P-0040121-T01-IM6	0.192451427671485	0	0	0	0	0.251516281509864	0	0	0	0	0	0	0	0.185197422120415	0	0	0	0	0	0	0	0	0	0	0	0.0761763310691022	0	0	0	0	0.25193654418128	0	0	0	0	0	0	0	0	0	0	0	0	0	0	0	0	0	0	0	0	0	0	0	0	0	0	0	0	0	0	0	0	0	0
P-0040149-T01-IM6	0.35549296751898	0	0	0	0	0	0	0	0	0	0	0	0	0.212281386237609	0	0	0	0	0	0	0	0	0	0	0	0	0	0	0	0	0	0	0	0	0	0	0	0	0	0	0	0	0	0.109484100235691	0	0	0	0	0	0	0	0	0	0	0	0	0	0	0.0854041303219237	0	0	0	0	0	0
P-0040182-T01-IM6	0	0	0	0	0	0.484785344529727	0	0	0	0	0	0	0	0	0	0	0	0	0.233439066657936	0	0	0	0	0	0	0	0	0	0	0	0	0	0	0	0	0	0	0	0	0	0	0	0	0	0	0	0	0	0	0.0896473977091153	0	0	0	0	0	0	0	0	0	0	0	0	0	0	0
P-0040250-T01-IM6	0.502366949921169	0	0	0	0	0	0	0	0	0	0	0	0	0	0	0	0	0	0.497633050078831	0	0	0	0	0	0	0	0	0	0	0	0	0	0	0	0	0	0	0	0	0	0	0	0	0	0	0	0	0	0	0	0	0	0	0	0	0	0	0	0	0	0	0	0	0	0
P-0040341-T01-IM6	0.142153512124342	0	0	0	0	0.308910469473417	0	0	0	0	0	0	0	0.360639308314548	0	0	0	0	0.0609307016829065	0	0	0	0	0	0	0	0	0	0	0	0.127366008404786	0	0	0	0	0	0	0	0	0	0	0	0	0	0	0	0	0	0	0	0	0	0	0	0	0	0	0	0	0	0	0	0	0	0
P-0040355-T01-IM6	0.67075263963532	0	0	0	0	0	0	0	0	0	0	0	0	0.0661472995026423	0	0	0	0	0.115361625508075	0	0	0	0	0	0	0	0	0	0	0	0.147738435353963	0	0	0	0	0	0	0	0	0	0	0	0	0	0	0	0	0	0	0	0	0	0	0	0	0	0	0	0	0	0	0	0	0	0
P-0040373-T01-IM6	0.373814921604789	0	0	0	0	0	0	0	0	0	0	0	0	0.222585797219711	0	0	0	0	0.250833260059248	0	0	0	0	0	0	0	0	0	0	0	0.0764266606961156	0	0	0	0	0	0	0	0	0	0	0	0	0	0	0	0	0	0	0	0	0	0	0	0	0	0	0	0.0689811015673443	0	0	0	0	0	0
P-0040471-T01-IM6	0	0	0	0	0	0.312619245638798	0	0	0.079825779660603	0	0	0	0	0	0	0	0	0.0841154482808025	0	0	0	0	0	0	0.0732939962368577	0.130203684833176	0	0	0	0	0	0	0	0	0	0	0.085122694778521	0	0	0	0	0	0	0	0	0	0	0	0.0918184224111121	0	0	0	0	0.0656025194701754	0	0	0	0	0	0	0	0	0	0	0
P-0040484-T01-IM6	0.524681301022671	0	0	0	0	0	0	0	0	0	0	0	0	0.104227716128399	0	0	0	0	0.292246963347357	0	0	0	0	0	0	0	0	0	0	0	0	0	0	0	0	0	0	0	0	0	0	0	0	0	0	0	0	0	0	0	0	0	0	0	0	0	0	0	0	0	0	0	0	0	0
P-0040549-T01-IM6	0.563577349119473	0	0	0	0	0	0	0	0	0	0	0	0	0	0	0.12134612959387	0	0	0.269729171612834	0	0	0	0	0	0	0	0	0	0	0	0	0	0	0	0	0	0	0	0	0	0	0	0	0	0	0	0	0	0	0	0	0	0	0	0	0	0	0	0	0	0	0	0	0	0
P-0040575-T01-IM6	0.754106687513849	0	0	0	0	0	0	0	0	0	0	0	0	0.1847724319923	0	0	0	0	0	0	0	0	0	0	0	0	0	0	0	0	0	0	0	0	0	0	0	0	0	0	0	0	0	0	0	0	0	0	0	0	0	0	0	0	0	0	0	0	0	0	0	0	0	0	0
P-0040678-T01-IM6	0.701360016098942	0	0	0	0	0	0	0	0	0	0	0	0	0	0	0	0	0	0.25402591757651	0	0	0	0	0	0	0	0	0	0	0	0	0	0	0	0	0	0	0	0	0	0	0	0	0	0	0	0	0	0	0	0	0	0	0	0	0	0	0	0	0	0	0	0	0	0
P-0040823-T01-IM6	0.192750609814082	0	0	0	0	0	0	0	0	0	0	0	0	0	0	0	0	0	0	0.154161050564875	0	0	0	0	0	0.442279652962139	0	0	0	0	0	0	0	0	0	0	0	0	0	0	0	0	0	0	0	0	0.0738556831864554	0	0.0704827881545237	0	0	0	0	0	0	0	0	0	0	0	0	0	0	0	0
P-0040884-T01-IM6	0.46447832474597	0	0	0	0	0.0975755405002593	0	0	0	0	0	0	0	0	0	0	0	0.118444294850172	0	0	0	0	0	0	0.0870084331652789	0	0	0	0	0	0	0	0	0	0.185203228205597	0	0	0	0	0	0	0	0	0	0	0	0	0	0	0	0	0	0	0	0	0	0	0	0	0	0	0	0	0	0
P-0040892-T01-IM6	0.619695369352598	0	0.0948619989380107	0	0	0	0	0	0	0	0	0	0	0	0	0	0	0	0	0	0	0	0	0	0.122327763456452	0	0	0	0	0	0	0	0	0	0	0	0.126879750244141	0	0	0	0	0	0	0	0	0	0	0	0	0	0	0	0	0	0	0	0	0	0	0	0	0	0	0	0
P-0040992-T01-IM6	0.729171577832308	0	0	0	0	0	0	0	0	0	0	0	0	0.0675159722842619	0	0	0	0	0	0	0	0	0	0	0	0	0	0	0	0.0678555620710628	0	0	0	0	0	0	0	0	0	0	0	0	0	0	0	0	0	0	0	0	0	0	0	0	0	0	0	0	0	0	0	0	0	0	0
P-0041005-T01-IM6	0.42043899938876	0	0	0	0	0	0	0	0	0	0	0	0	0	0	0	0	0	0.357301576676449	0	0	0	0	0	0	0	0	0	0	0	0.0926573244573041	0	0	0	0	0	0	0	0	0	0	0	0	0	0	0	0	0	0	0	0	0	0	0	0	0	0	0	0	0	0	0	0	0	0
P-0041144-T01-IM6	0.520443857638212	0	0	0	0	0.113049914893964	0	0	0	0	0	0	0	0.105977072471407	0	0	0	0	0	0	0	0	0	0	0	0	0	0	0	0	0	0	0	0	0	0	0	0	0	0	0	0	0	0	0	0	0	0	0.0959089333894694	0	0	0	0	0	0	0	0	0	0	0	0	0	0	0	0
P-0041166-T01-IM6	0.824522201816444	0	0	0	0	0	0	0	0	0	0	0	0	0	0	0	0	0	0.175477798183556	0	0	0	0	0	0	0	0	0	0	0	0	0	0	0	0	0	0	0	0	0	0	0	0	0	0	0	0	0	0	0	0	0	0	0	0	0	0	0	0	0	0	0	0	0	0
P-0041347-T01-IM6	0	0	0	0	0.0893406870697829	0	0	0	0	0	0	0	0	0.247551307099968	0	0	0	0	0	0	0	0	0	0	0.296577251185588	0	0	0	0	0	0	0	0	0	0	0	0.339621596948298	0	0	0	0	0	0	0	0	0	0	0	0	0	0	0	0	0	0	0	0	0	0	0	0	0	0	0	0
P-0041436-T01-IM6	0.529201456593611	0	0	0	0	0	0	0	0	0	0	0	0	0	0	0	0	0	0.233599533729703	0	0	0	0	0	0	0	0	0	0	0	0.0903608886001814	0	0	0	0	0	0	0	0	0	0	0	0	0	0	0	0	0	0	0	0	0	0	0	0	0	0	0	0	0	0	0	0	0	0
P-0041576-T01-IM6	0.653488785367552	0	0	0	0	0.0766572105346068	0	0	0	0	0	0	0	0.158142192061781	0	0	0	0	0	0	0	0	0	0	0	0	0	0	0	0	0	0	0	0	0	0	0	0	0	0	0	0	0	0	0	0	0	0	0	0	0	0	0	0	0	0	0	0	0	0	0	0	0	0	0
P-0041596-T01-IM6	0.289958445062411	0	0	0	0.0692174502877547	0	0	0	0	0	0	0	0	0.204497484638085	0	0	0	0	0	0	0	0	0	0	0.127979315145853	0	0	0	0	0	0	0	0	0	0	0	0	0	0	0	0	0	0	0	0	0	0	0	0	0	0	0	0.100837723896954	0	0	0	0	0	0	0	0	0	0	0	0
P-0041648-T01-IM6	0.833386330330611	0	0	0	0	0	0	0	0	0	0	0	0	0.10179229758504	0	0	0	0	0	0	0	0	0	0	0	0	0	0	0	0	0	0	0	0	0	0	0	0	0	0	0	0	0	0	0	0	0	0	0	0	0	0	0	0	0	0	0	0	0	0	0	0	0	0	0
P-0041660-T01-IM6	0	0	0	0	0.0915210175363108	0.440828262437631	0	0	0	0	0	0	0	0	0	0	0	0	0	0	0	0	0	0	0	0.0969015591454355	0	0	0	0	0	0.268054156334774	0	0	0	0	0	0	0	0	0	0	0	0	0	0	0	0	0	0	0	0	0	0	0	0	0	0	0	0	0	0	0	0	0
P-0041855-T01-IM6	0.60836937770499	0	0.101555206980961	0	0	0	0	0	0	0	0	0	0	0	0	0	0	0	0	0	0	0	0	0	0	0	0	0	0	0	0	0	0	0	0	0	0.0726212889377491	0	0	0	0	0	0	0	0	0	0	0	0	0	0	0	0	0	0	0	0	0	0	0	0	0	0	0	0
P-0041882-T01-IM6	0.514030986857537	0	0.103306154004438	0	0	0.152572759889454	0	0	0	0	0	0	0	0	0	0	0	0	0	0	0	0	0	0	0	0.156423017923925	0	0	0	0	0	0	0	0	0	0	0	0	0	0	0	0	0	0	0	0	0	0	0	0	0	0	0	0	0	0	0	0	0	0	0	0	0	0	0
P-0041983-T01-IM6	0.529678293612	0	0	0	0	0.168636674728769	0	0	0	0	0	0	0	0.097062981935417	0	0	0	0	0	0	0	0	0	0	0	0	0	0	0	0	0	0	0	0	0	0.0737885381392894	0	0	0	0	0	0	0	0	0	0	0	0	0	0	0	0	0	0	0	0	0	0	0	0	0	0	0	0	0
P-0041986-T01-IM6	0.492641020149888	0	0	0	0	0.280015953739956	0	0	0	0	0	0	0	0.144526300110786	0	0	0	0	0	0	0	0	0	0	0	0	0	0	0	0	0	0	0	0	0	0	0	0	0	0	0	0	0	0	0	0	0	0	0	0	0	0	0	0	0	0	0	0	0	0	0	0	0	0	0
P-0042109-T01-IM6	0	0	0	0	0	0	0.0718595045490439	0	0	0	0	0	0	0.457238271104506	0	0	0.093291753507378	0	0	0.207110385226552	0	0	0	0	0	0	0	0	0	0	0	0	0	0	0	0	0	0	0	0	0	0	0	0	0	0	0	0	0	0	0	0	0.0673244277400336	0	0	0	0	0	0	0	0	0	0	0	0
P-0042488-T01-IM6	0	0	0	0	0	0.527450275854275	0	0	0	0	0	0	0	0.192469141771692	0	0	0	0.0606372832061517	0.0953985494597422	0	0	0	0	0	0	0.0935269079992697	0	0	0	0	0	0	0	0	0	0	0	0	0	0	0	0	0	0	0	0	0	0	0	0	0	0	0	0	0	0	0	0	0	0	0	0	0	0	0
P-0042503-T01-IM6	0.416419022101781	0	0	0	0	0.18074563046319	0	0	0	0	0	0	0	0	0	0	0	0.0819886276384287	0	0	0	0	0	0	0	0.184127946732908	0	0	0	0	0	0	0	0	0	0	0	0	0	0	0	0	0	0	0	0	0	0	0	0	0.0667809778554775	0	0	0	0	0	0	0	0	0	0	0	0	0	0
P-0042508-T01-IM6	0	0	0	0	0	0.4065343931482	0	0	0	0.0785727824534578	0	0	0	0.215948661653426	0	0	0	0	0.298944162744916	0	0	0	0	0	0	0	0	0	0	0	0	0	0	0	0	0	0	0	0	0	0	0	0	0	0	0	0	0	0	0	0	0	0	0	0	0	0	0	0	0	0	0	0	0	0
P-0042581-T01-IM6	0	0	0	0	0	0	0	0	0	0	0	0	0	0	0	0	0	0.0792597538603686	0	0	0	0	0	0	0	0	0	0	0	0.376427177329306	0	0	0	0	0	0	0.39199925821846	0	0	0	0	0	0	0	0	0	0	0	0	0	0	0	0	0	0	0	0	0	0	0	0	0	0	0	0
P-0042615-T01-IM6	0.8851180087765	0	0	0	0	0	0	0	0	0	0	0	0	0	0	0	0	0.0920059311887027	0	0	0	0	0	0	0	0	0	0	0	0	0	0	0	0	0	0	0	0	0	0	0	0	0	0	0	0	0	0	0	0	0	0	0	0	0	0	0	0	0	0	0	0	0	0	0
P-0042644-T01-IM6	0.324568808872556	0	0	0	0	0	0	0	0	0	0	0	0	0.370543750650741	0	0	0	0	0	0	0	0	0	0	0.0843191356371221	0	0	0	0	0	0	0	0	0	0	0	0.120814399052291	0	0	0	0	0	0	0	0	0	0	0	0	0	0	0	0	0	0	0	0	0	0	0	0	0	0	0	0
P-0042674-T01-IM6	0.617824129351717	0	0	0	0	0.0802368583442097	0	0	0	0	0	0	0	0.099455317541825	0	0	0	0	0	0	0	0	0	0	0	0.117864848248156	0	0	0	0	0	0	0	0	0	0	0	0	0	0	0	0	0	0	0	0	0	0	0	0	0	0	0	0	0	0	0	0	0	0	0	0	0	0	0
P-0042782-T01-IM6	0.238558726972432	0	0	0	0	0	0	0	0	0	0	0	0	0.131966918192567	0	0	0	0	0.16119144606163	0	0	0	0	0	0.0915746445916668	0	0	0	0	0	0	0	0	0	0	0	0	0	0	0	0	0	0	0	0	0	0.0837527861573844	0	0	0	0	0	0	0	0	0	0	0	0	0	0	0	0	0	0
P-0042819-T01-IM6	0.487221869329718	0	0	0	0	0	0	0	0	0	0	0	0	0	0	0	0	0	0	0	0	0	0	0	0.161171608916017	0	0	0	0	0	0	0	0	0	0	0	0.13695378961921	0	0	0	0	0	0	0	0	0	0	0	0	0	0	0	0	0	0	0	0	0	0.145329724485892	0	0	0	0	0	0
P-0042880-T01-IM6	0.664467389679362	0	0	0	0	0	0	0	0	0	0	0	0	0.188227167708565	0	0	0	0.108637626157862	0	0	0	0	0	0	0	0	0	0	0	0	0	0	0	0	0	0	0	0	0	0	0	0	0	0	0	0	0	0	0	0	0	0	0	0	0	0	0	0	0	0	0	0	0	0	0
P-0043005-T01-IM6	0.616905449621006	0	0	0	0	0	0	0	0	0	0	0	0	0.165344105690432	0	0	0	0	0.151745994531823	0	0	0	0	0	0	0	0	0	0	0	0	0	0	0	0	0	0	0	0	0	0	0	0	0	0	0	0	0	0	0	0	0	0	0	0	0	0	0	0	0	0	0	0	0	0
P-0043033-T02-IM6	0.781575185396961	0	0	0	0	0	0	0	0	0	0	0	0	0	0	0	0	0.150962399909308	0	0	0	0	0	0	0	0	0	0	0	0	0	0	0	0	0	0	0	0	0	0	0	0	0	0	0	0	0	0	0	0	0	0	0	0	0	0	0	0	0	0	0	0	0	0	0
P-0043087-T01-IM6	0.496230102701256	0	0	0	0	0	0	0	0	0	0	0	0	0.11869209081004	0	0	0	0	0.232515547459932	0	0	0	0	0	0	0.150695089314598	0	0	0	0	0	0	0	0	0	0	0	0	0	0	0	0	0	0	0	0	0	0	0	0	0	0	0	0	0	0	0	0	0	0	0	0	0	0	0
P-0043095-T01-IM6	0.636595011401811	0	0	0	0	0	0	0	0	0	0	0	0	0.100040236772507	0	0	0	0	0	0	0	0	0	0	0	0	0	0	0	0	0.172585352811196	0	0	0	0	0	0	0	0	0	0	0	0	0	0	0	0	0	0	0	0	0	0	0	0	0	0	0	0	0	0	0	0	0	0
P-0043154-T01-IM6	0.631991269846953	0	0	0	0	0.0997628294903523	0	0	0	0	0	0	0	0.152916055702518	0	0	0	0	0	0	0	0	0	0	0	0	0	0	0	0	0	0	0	0	0	0	0	0	0	0	0	0	0	0	0	0	0	0	0	0	0	0	0	0	0	0	0	0	0	0	0	0	0	0	0
P-0043169-T01-IM6	0.275615417414791	0	0	0	0	0	0	0	0	0.108916906885461	0	0	0	0	0	0	0	0	0.235371586107929	0	0	0	0	0	0	0	0	0.0659716916256177	0	0	0	0	0	0	0	0	0	0.13850710684783	0	0	0	0	0	0	0	0	0.0784841552129535	0	0	0	0	0	0	0	0	0	0	0	0	0	0	0	0	0	0
P-0043518-T01-IM6	0.30993196775565	0	0	0	0	0	0	0	0	0	0	0	0	0.149763779868055	0	0	0	0	0.357125699750886	0	0	0	0	0	0	0.0663602183757315	0	0	0	0	0	0	0	0	0	0	0	0	0	0	0	0	0	0	0	0	0	0	0	0	0	0	0	0	0	0	0	0	0	0	0	0	0	0	0
P-0043584-T01-IM6	0	0	0	0	0	0.327709692106299	0	0	0	0	0	0	0	0.502858892683621	0	0	0	0	0	0	0	0	0	0	0	0	0	0	0	0	0	0	0	0	0	0	0	0	0	0	0	0	0	0	0	0	0	0	0.16943141521008	0	0	0	0	0	0	0	0	0	0	0	0	0	0	0	0
P-0043594-T01-IM6	0.465539999039682	0	0	0	0	0	0	0	0	0	0	0	0	0	0	0	0	0	0	0.120364367404541	0	0	0	0	0.0846371806423052	0	0	0	0	0	0.152332478577549	0	0	0	0	0	0	0	0	0	0	0	0	0	0	0	0	0	0	0	0	0	0	0	0	0	0	0	0	0	0	0	0	0	0
P-0043619-T01-IM6	0.676906192456218	0	0	0	0	0	0	0	0	0	0	0	0	0.13909868031862	0	0	0	0	0	0	0	0	0	0	0	0	0	0	0	0	0.0748108247113297	0	0	0	0	0	0	0	0	0	0	0	0	0	0	0	0	0	0	0	0	0	0	0	0	0	0	0	0	0	0	0	0	0	0
P-0043652-T01-IM6	0.588749702373516	0	0	0	0	0	0	0	0	0	0	0	0	0.120921596261506	0	0	0	0	0	0	0	0	0	0	0	0	0	0	0	0	0	0	0	0	0	0	0	0	0	0	0	0	0	0	0	0	0.162200024071615	0	0	0	0	0	0	0	0	0	0	0	0	0	0	0	0	0	0
P-0043670-T01-IM6	0.528789001593164	0	0	0	0	0.1153146005324	0	0	0	0	0	0	0	0.210991381502512	0	0	0	0	0	0	0	0	0	0	0	0	0	0	0	0	0	0	0	0	0	0	0	0	0	0	0	0	0	0	0	0	0	0	0	0	0	0	0.0781516712825327	0	0	0	0	0	0	0	0	0	0	0	0
P-0043781-T01-IM6	0.330917144734986	0	0	0	0	0	0	0	0	0	0	0	0	0	0	0	0	0	0	0	0	0	0	0	0	0.410999557233568	0	0	0	0	0.0822797618667882	0	0	0	0	0	0	0	0	0	0	0	0	0	0	0	0	0	0	0	0	0	0	0	0	0	0	0	0	0	0	0	0	0	0
P-0043818-T01-IM6	0	0	0	0	0	0	0	0	0	0	0	0	0	0.256877204380996	0	0	0	0	0.312442013877561	0	0	0	0	0	0	0.263591937073652	0	0	0	0	0	0	0	0	0	0	0	0	0	0	0	0	0	0	0	0	0	0	0	0	0	0	0	0	0	0	0	0	0.111219907785157	0	0	0	0	0	0
P-0043907-T01-IM6	0.843998718251708	0	0	0	0	0	0	0	0	0	0	0	0	0	0	0	0	0	0	0	0	0	0	0	0	0.0841623976524368	0	0	0	0	0	0	0	0	0	0	0	0	0	0	0	0	0	0	0	0	0	0	0	0	0	0	0	0	0	0	0	0	0	0	0	0	0	0	0
P-0043940-T01-IM6	0.260046905975613	0	0	0.0642438760937549	0	0	0	0	0	0	0	0	0	0	0	0	0	0	0	0	0	0	0	0	0	0.204331471222413	0	0	0	0	0	0	0	0	0	0	0.212958711673298	0	0	0	0	0	0	0	0	0	0	0	0	0	0	0	0	0.0900036188360017	0	0	0	0	0.118643158653603	0	0	0	0	0	0
P-0044184-T01-IM6	0.51740699202544	0	0	0	0	0	0	0	0	0	0	0	0	0	0	0	0	0	0.162770655735516	0	0	0	0	0	0	0	0	0	0	0	0	0	0	0	0	0	0	0	0	0	0	0	0	0	0	0	0	0	0	0	0	0	0	0	0	0	0	0	0	0	0	0	0	0	0
P-0044217-T01-IM6	0.716046053206681	0	0	0	0	0	0	0	0	0	0	0	0	0	0	0.153835404739816	0	0	0	0	0	0	0	0	0	0	0	0	0	0	0	0	0	0	0	0	0	0	0	0	0	0	0	0	0	0	0	0	0	0	0	0	0	0	0	0	0	0	0	0	0	0	0	0	0
P-0044297-T01-IM6	0.6442299079224	0	0	0	0	0	0	0	0	0	0	0	0	0	0	0	0	0	0.196221880784325	0	0	0	0	0	0	0	0	0	0.0695794776273196	0	0	0	0	0	0	0	0	0	0	0	0	0	0	0	0	0	0	0	0	0	0	0	0	0	0	0	0	0	0	0	0	0	0	0	0
P-0044312-T01-IM6	0.187910340869216	0	0	0	0	0.247228743475331	0	0	0	0	0	0	0	0.0854035226005571	0	0	0	0	0	0	0	0	0	0	0	0.243884717221956	0	0	0	0	0	0	0	0	0	0	0	0	0	0	0	0	0	0	0	0	0	0	0	0	0	0	0.112160416528267	0	0	0	0	0	0	0	0	0	0	0	0
P-0044329-T01-IM6	0.794765455879415	0	0	0	0	0	0	0	0	0	0	0	0	0	0	0	0	0	0	0	0	0	0	0	0	0	0	0	0	0	0	0	0	0	0	0	0.118586170766492	0	0	0	0	0	0	0	0	0	0	0	0	0	0	0	0	0	0	0	0	0	0	0	0	0	0	0	0
P-0044371-T01-IM6	0.319337119356297	0	0	0	0	0	0	0	0	0	0	0	0	0.0897187009200322	0	0	0	0	0.0653057148738722	0	0	0	0	0	0	0.521259152766321	0	0	0	0	0	0	0	0	0	0	0	0	0	0	0	0	0	0	0	0	0	0	0	0	0	0	0	0	0	0	0	0	0	0	0	0	0	0	0
P-0044374-T01-IM6	0	0	0	0	0	0.415714022485686	0	0	0	0	0	0	0	0.172385482138484	0	0	0	0	0.156592202630932	0.138267614144065	0	0	0	0	0	0	0	0	0	0	0	0	0	0	0	0	0	0	0	0	0	0	0	0	0	0	0	0	0	0	0	0	0	0	0	0	0	0	0	0	0	0	0	0	0
P-0044378-T01-IM6	0.576498019265697	0	0	0	0	0	0	0	0	0	0	0	0	0	0	0	0	0	0	0	0	0	0	0	0	0	0	0	0	0	0	0	0	0	0	0	0	0	0	0	0	0	0	0	0	0	0.365989517665662	0	0	0	0	0	0	0	0	0	0	0	0	0	0	0	0	0	0
P-0044389-T01-IM6	0.63669586032877	0	0	0	0	0	0	0	0	0	0	0	0	0.114053424985216	0	0	0	0	0	0.0756936383126017	0	0	0	0	0	0	0	0	0	0	0	0	0	0	0	0	0.134677845538263	0	0	0	0	0	0	0	0	0	0	0	0	0	0	0	0	0	0	0	0	0	0	0	0	0	0	0	0
P-0044406-T01-IM6	0.290242650544556	0	0	0	0	0.397937546513113	0	0	0	0	0	0	0	0.210418985040806	0	0	0	0	0	0	0	0	0	0	0	0	0	0	0	0	0	0	0	0	0	0	0	0.0922035193362176	0	0	0	0	0	0	0	0	0	0	0	0	0	0	0	0	0	0	0	0	0	0	0	0	0	0	0
P-0044415-T01-IM6	0.590741490587973	0	0	0	0	0.221725424168338	0	0	0	0	0	0	0	0.13404044186805	0	0	0	0	0	0	0	0	0	0	0	0	0	0	0	0	0	0	0	0	0	0	0	0	0	0	0	0	0	0	0	0	0	0	0	0	0	0	0	0	0	0	0	0	0	0	0	0	0	0	0
P-0044484-T01-IM6	0.37617024360485	0	0	0	0	0.327544426459296	0	0	0	0	0	0	0	0.116008484506428	0	0	0	0	0.153870780472642	0	0	0	0	0	0	0	0	0	0	0	0	0	0	0	0	0	0	0	0	0	0	0	0	0	0	0	0	0	0	0	0	0	0	0	0	0	0	0	0	0	0	0	0	0	0
P-0044540-T01-IM6	0.153527361463302	0	0	0	0	0	0	0	0	0	0	0	0	0.141395985473217	0	0	0	0	0.625312848711979	0	0	0	0	0	0	0	0	0	0	0	0	0	0	0	0	0	0	0	0	0	0	0	0	0	0	0	0	0	0	0	0	0	0	0	0	0	0	0	0	0	0	0	0	0	0
P-0044544-T01-IM6	0.696024574207169	0	0	0	0	0	0	0	0	0	0	0	0	0	0	0.0758912827286327	0	0	0	0	0	0	0	0	0	0	0	0	0	0	0	0	0	0	0	0	0	0	0	0	0	0	0	0	0	0	0	0	0	0	0	0	0	0	0	0	0	0	0	0	0	0	0	0	0
P-0044576-T01-IM6	0.662787873330974	0	0	0	0	0	0	0	0	0	0	0	0	0	0	0	0	0	0	0	0	0	0	0	0	0.155202754509355	0	0	0	0	0	0	0	0	0	0	0	0	0	0	0	0	0	0	0	0	0	0	0	0	0	0	0	0	0	0	0	0	0.0998740536786474	0	0	0	0	0.0674789639578394	0
P-0044645-T01-IM6	0.850027509995049	0	0	0	0	0	0	0	0	0	0	0	0	0	0	0	0	0	0.149972490004951	0	0	0	0	0	0	0	0	0	0	0	0	0	0	0	0	0	0	0	0	0	0	0	0	0	0	0	0	0	0	0	0	0	0	0	0	0	0	0	0	0	0	0	0	0	0
P-0044658-T01-IM6	0	0	0	0	0	0	0	0	0	0	0	0	0	0.163262748344759	0	0	0	0.126715665073288	0.392254726568111	0	0	0	0	0	0	0	0	0	0	0	0	0	0	0	0	0	0	0	0	0	0	0.10735122742746	0	0	0	0	0	0	0	0	0	0	0	0	0	0	0	0	0	0	0	0	0	0	0
P-0044767-T01-IM6	0	0	0	0	0	0.149726947691277	0	0	0	0	0	0	0	0	0	0	0	0	0.247393552718697	0	0.080476216406572	0	0	0	0	0	0	0	0	0	0	0	0	0	0	0	0.202653549102227	0	0	0	0.133743715504732	0	0	0	0	0	0	0	0	0	0	0	0	0	0	0.150619130341151	0	0	0	0	0	0	0	0	0
P-0044790-T01-IM6	0.132985772888521	0	0	0	0	0	0	0	0	0	0	0	0	0	0	0	0	0	0.867014227111479	0	0	0	0	0	0	0	0	0	0	0	0	0	0	0	0	0	0	0	0	0	0	0	0	0	0	0	0	0	0	0	0	0	0	0	0	0	0	0	0	0	0	0	0	0	0
P-0044791-T01-IM6	0.602932797956286	0	0	0	0	0	0	0	0	0	0	0	0	0	0	0	0	0	0.32569292462889	0	0	0	0	0	0	0	0	0	0	0	0	0	0	0	0	0	0	0	0	0	0	0	0	0	0	0	0	0	0	0	0	0	0	0	0	0	0	0	0	0	0	0	0	0	0
P-0044805-T01-IM6	0.749240250078417	0	0	0	0	0	0	0	0	0	0	0	0	0.129784522609992	0	0	0	0	0	0	0	0	0	0	0	0	0	0	0	0	0	0	0	0	0	0	0	0	0	0	0	0	0	0	0	0	0	0	0	0	0	0	0	0	0	0	0	0	0	0	0	0	0	0	0
P-0044823-T01-IM6	0.799746359412227	0	0	0	0	0	0	0	0	0	0	0	0	0	0	0	0	0	0	0	0	0	0	0	0	0	0	0	0	0	0	0	0	0	0	0	0	0	0	0	0	0	0	0	0	0	0.103914721806328	0	0	0	0	0	0	0	0	0	0	0	0	0	0	0	0	0	0
P-0044833-T01-IM6	0.739349974166174	0	0	0	0	0	0	0	0	0	0	0	0	0	0	0	0	0.0867719996807727	0	0	0	0	0	0	0	0	0	0	0	0	0	0	0	0	0	0	0.142792678052017	0	0	0	0	0	0	0	0	0	0	0	0	0	0	0	0	0	0	0	0	0	0	0	0	0	0	0	0
P-0044858-T01-IM6	0.750108539460081	0	0	0	0	0	0	0	0	0	0	0	0	0	0	0	0	0	0	0.0754879637749932	0	0	0	0	0	0	0	0	0	0	0.080279567187209	0	0	0	0	0	0	0	0	0	0	0	0	0	0	0	0	0	0	0	0	0	0	0	0	0	0	0	0	0	0	0	0	0	0
P-0045009-T01-IM6	0.486950177242732	0	0	0	0	0	0	0	0	0	0	0	0	0.098820632999085	0	0	0	0	0.379600819031487	0	0	0	0	0	0	0	0	0	0	0	0	0	0	0	0	0	0	0	0	0	0	0	0	0	0	0	0	0	0	0	0	0	0	0	0	0	0	0	0	0	0	0	0	0	0
P-0045013-T01-IM6	0.295929022641035	0	0	0	0	0	0	0	0	0	0	0	0	0.144154283694295	0	0	0	0	0.349396591069381	0	0	0	0	0	0	0.161575272855372	0	0	0	0	0	0	0	0	0	0	0	0	0	0	0	0	0	0	0	0	0	0	0	0	0	0	0	0	0	0	0	0	0	0	0	0	0	0	0
P-0045111-T01-IM6	0.625581979549943	0	0.0685084743664353	0	0	0	0	0	0	0	0	0	0	0.12770239543865	0	0	0	0	0	0	0	0	0	0	0.0778673383630527	0	0	0	0	0	0	0	0	0	0	0	0	0	0	0	0	0	0	0	0	0	0	0	0	0	0	0	0	0	0	0	0	0	0	0	0	0	0	0	0
P-0045144-T01-IM6	0	0	0	0	0	0.737085787879818	0	0	0	0	0	0	0	0	0	0	0	0	0	0	0	0	0	0	0	0	0	0	0	0	0	0	0	0	0	0	0	0	0	0	0	0	0	0	0	0	0	0	0	0	0	0	0	0	0	0	0	0	0.262914212120182	0	0	0	0	0	0
P-0045223-T01-IM6	0.211974296692647	0	0	0	0	0	0	0	0	0	0	0	0	0.101410949151797	0	0	0	0	0.300977791946681	0	0	0	0	0	0	0.134108166966131	0	0	0	0	0.172562490252446	0	0	0	0	0	0	0	0	0	0	0	0	0	0	0	0	0	0	0	0	0	0	0	0	0	0	0	0	0	0	0	0	0	0
P-0045253-T01-IM6	0.184018437373914	0	0	0	0	0.605885362978169	0	0	0	0	0	0	0	0	0	0	0	0	0	0	0	0	0	0	0	0.0617862254825509	0	0	0	0	0	0	0	0	0	0	0	0	0	0	0	0	0	0	0	0	0	0	0	0	0	0	0	0	0	0	0	0	0.148309974165367	0	0	0	0	0	0
P-0045366-T01-IM6	0.51459094857992	0	0	0	0	0	0	0	0	0	0	0	0	0	0	0	0	0	0.211288096436696	0.186617961184308	0	0	0	0	0	0.0875029702984549	0	0	0	0	0	0	0	0	0	0	0	0	0	0	0	0	0	0	0	0	0	0	0	0	0	0	0	0	0	0	0	0	0	0	0	0	0	0	0
P-0045415-T01-IM6	0.46996214889802	0	0	0	0	0	0	0	0	0	0	0	0	0.214464082952815	0	0	0	0	0.189439614268939	0.100630408990278	0	0	0	0	0	0	0	0	0	0	0	0	0	0	0	0	0	0	0	0	0	0	0	0	0	0	0	0	0	0	0	0	0	0	0	0	0	0	0	0	0	0	0	0	0
P-0045460-T01-IM6	0.137519851506235	0	0	0	0	0.418415444848702	0	0	0	0	0	0	0	0.160220899003413	0	0	0	0	0	0	0	0	0	0	0	0	0	0	0	0	0	0	0	0	0	0	0	0	0	0	0	0	0	0	0	0	0	0	0	0	0	0	0	0	0	0	0	0.0800593254265621	0.0892496261384283	0	0	0	0	0	0
P-0045471-T01-IM6	0	0	0	0	0	0	0	0	0	0	0	0	0	0.0863457591136952	0	0	0	0	0.718594800533943	0	0	0	0	0	0	0	0	0	0	0	0	0	0	0	0	0	0	0	0	0	0	0	0	0	0	0	0	0	0	0	0.180865387071697	0	0	0	0	0	0	0	0	0	0	0	0	0	0
P-0045533-T01-IM6	0	0	0	0	0	0.307211401299861	0	0	0	0	0	0	0	0.187347807115703	0	0	0	0	0.15040954329225	0	0	0	0	0	0	0.0720515156296555	0	0	0	0.0998879622616116	0	0	0	0	0	0	0	0	0	0	0	0	0	0	0	0	0	0	0	0	0	0	0	0	0	0	0	0	0	0	0	0	0	0	0
P-0045547-T01-IM6	0.625418374281317	0	0	0	0	0	0	0	0	0.0969345672700486	0	0	0	0	0	0	0	0.102892855943442	0	0	0	0	0	0	0	0	0	0	0	0	0	0	0	0	0	0	0	0	0	0	0	0	0	0	0	0	0.112041662578203	0	0	0	0	0	0	0	0	0	0	0	0	0	0	0	0	0	0
P-0045671-T01-IM6	0	0	0	0	0	0.387906034371199	0	0	0	0.0977010133916471	0	0	0	0.176929315966058	0	0	0	0	0	0	0	0	0	0	0	0	0	0	0	0.179785696231492	0	0	0	0	0	0	0.129291893518424	0	0	0	0	0	0	0	0	0	0	0	0	0	0	0	0	0	0	0	0	0	0	0	0	0	0	0	0
P-0045713-T01-IM6	0	0	0	0	0	0	0	0	0	0	0	0	0	0.187153378038558	0	0	0	0	0	0	0	0	0	0	0	0	0	0	0	0.520251119522164	0	0	0	0	0	0	0.252509551637386	0	0	0	0	0	0	0	0	0	0	0	0	0	0	0	0	0	0	0	0	0	0	0	0	0	0	0	0
P-0045823-T01-IM6	0.273462349641237	0	0	0	0	0	0	0	0	0	0	0	0	0	0	0	0	0	0.634838511844884	0	0	0	0	0	0	0	0	0	0	0	0	0	0	0	0	0	0	0	0	0	0	0	0	0	0	0	0	0	0	0	0	0	0	0	0	0	0	0	0	0	0	0	0	0	0
P-0045825-T01-IM6	0.730079339923747	0	0	0	0	0	0	0	0	0	0	0	0	0.166418908785061	0	0	0	0	0	0	0	0	0	0	0	0.0691583724881822	0	0	0	0	0	0	0	0	0	0	0	0	0	0	0	0	0	0	0	0	0	0	0	0	0	0	0	0	0	0	0	0	0	0	0	0	0	0	0
P-0045974-T01-IM6	0.561652164326407	0	0	0	0	0	0	0	0	0	0	0	0	0.231045856473651	0	0	0	0.12647447521131	0	0	0	0	0	0	0	0	0	0	0	0	0	0	0	0	0	0	0	0	0	0	0	0	0	0	0	0	0	0	0	0	0	0	0	0	0	0	0	0	0	0	0	0	0	0	0
P-0045984-T01-IM6	0.745908503358724	0	0	0	0	0	0	0	0	0	0	0	0	0.140928139427244	0	0	0	0	0	0	0	0	0	0	0	0	0	0	0	0	0	0	0	0	0	0	0	0	0	0	0	0	0	0	0	0	0.0870384486294673	0	0	0	0	0	0	0	0	0	0	0	0	0	0	0	0	0	0
P-0045991-T01-IM6	0	0	0	0	0	0	0	0	0	0	0	0	0	0	0	0	0	0	0	0	0	0	0	0	0	0	0	0	0	0.473042314370874	0	0	0	0	0	0	0.319526764848812	0	0	0	0	0	0	0	0	0	0	0	0	0	0	0	0.100828241642855	0	0	0	0	0	0.10660267913746	0	0	0	0	0	0
P-0046035-T01-IM6	0.298143061485025	0	0	0	0	0.515519574130027	0	0	0	0	0	0	0	0	0	0	0	0	0	0	0	0	0	0	0	0.0834552178345134	0	0	0	0	0	0	0	0	0	0	0	0	0	0	0	0	0	0	0	0	0	0	0	0	0	0	0	0	0	0	0	0	0	0	0	0	0	0	0
P-0046068-T01-IM6	0	0	0	0	0	0	0	0	0	0	0	0	0	0	0	0.301568795216819	0	0	0.456521809606214	0	0	0	0	0	0	0.14026758489863	0	0	0	0	0	0	0	0	0	0	0	0	0	0	0	0	0	0	0	0	0	0	0	0	0	0	0	0	0	0	0	0	0.101641789931302	0	0	0	0	0	0
P-0046071-T01-IM6	0.115211772551201	0	0	0	0	0	0	0	0	0	0	0	0	0.0655265622331097	0	0	0	0	0.812728844568176	0	0	0	0	0	0	0	0	0	0	0	0	0	0	0	0	0	0	0	0	0	0	0	0	0	0	0	0	0	0	0	0	0	0	0	0	0	0	0	0	0	0	0	0	0	0
P-0046229-T01-IM6	0.585416866068969	0	0	0	0	0	0	0	0	0	0	0	0	0	0	0	0	0	0	0	0	0	0	0	0	0	0	0	0	0	0	0	0	0	0	0	0	0	0	0	0	0	0	0	0	0	0.238628904962606	0	0	0	0	0	0	0.0998059200582932	0	0	0	0	0	0	0	0	0	0	0
P-0046266-T01-IM6	0.434116026732344	0	0	0	0	0.101136452190916	0	0	0	0	0	0	0	0	0	0	0	0	0	0	0	0	0	0	0.135565450668293	0	0	0	0	0	0.0939757065442215	0	0	0	0	0	0	0	0	0	0	0	0	0	0	0	0	0	0	0	0	0	0	0	0	0	0	0	0	0	0	0	0	0	0
P-0046311-T01-IM6	0.551373767439751	0	0	0	0	0	0	0	0	0	0	0	0	0.373371670430676	0	0	0	0	0	0	0	0	0	0	0	0	0	0	0	0	0	0	0	0	0	0	0	0	0	0	0	0	0	0	0	0	0	0	0	0	0	0	0	0	0	0	0	0	0	0	0	0	0	0	0
P-0046448-T01-IM6	0.812625999442356	0	0	0	0	0	0	0	0	0	0	0	0	0.0769902252189667	0	0	0	0	0	0	0	0	0	0	0	0	0	0	0	0	0	0	0	0	0	0	0	0	0	0	0	0	0	0	0	0	0	0	0	0	0	0	0	0	0	0	0	0	0	0	0	0	0	0	0
P-0046469-T01-IM6	0.20398461516582	0	0	0	0	0.524761210486514	0	0	0	0	0	0	0	0.165786983018697	0	0	0	0	0	0	0	0	0	0	0	0	0	0	0	0	0	0	0	0	0	0	0	0	0	0	0	0	0	0	0	0	0	0	0	0	0	0	0	0	0	0	0	0	0	0	0	0	0	0	0
P-0046630-T01-IM6	0.705512173498021	0	0	0	0	0	0	0	0	0	0	0	0	0	0	0	0	0	0.294487826501979	0	0	0	0	0	0	0	0	0	0	0	0	0	0	0	0	0	0	0	0	0	0	0	0	0	0	0	0	0	0	0	0	0	0	0	0	0	0	0	0	0	0	0	0	0	0
P-0046653-T02-IM6	0.489518743747636	0	0	0	0	0	0	0	0	0	0	0	0	0	0	0	0	0	0.115233417556993	0	0	0	0	0	0	0	0	0	0.210345361331513	0	0	0	0	0	0	0	0.0811035815173211	0	0	0	0	0	0	0	0	0	0	0	0	0	0	0	0	0	0	0	0	0	0	0	0	0	0	0	0
P-0046698-T01-IM6	0.61138682065822	0	0	0	0	0	0	0	0	0	0	0	0	0.0774978887166793	0	0	0	0	0.225172819623338	0	0	0	0	0	0	0	0	0	0	0	0	0	0	0	0	0	0	0	0	0	0	0	0	0	0	0	0	0	0	0	0	0	0	0	0	0	0	0	0	0	0	0	0	0	0
P-0046739-T01-IM6	0.446045507667735	0	0	0	0	0.355373006696172	0	0	0	0	0	0	0	0	0	0	0	0	0.141879348368681	0	0	0	0	0	0	0	0	0	0	0	0	0	0	0	0	0	0	0	0	0	0	0	0	0	0	0	0	0	0	0	0	0	0	0	0	0	0	0	0	0	0	0	0	0	0
P-0046754-T01-IM6	0.49920445111585	0	0	0	0	0	0	0	0	0	0	0	0	0	0	0	0	0	0	0	0	0	0	0	0	0.185625008608153	0	0	0	0	0	0	0	0	0	0	0.0977486073041322	0	0	0	0	0	0	0	0	0	0	0	0	0	0	0	0	0	0	0	0	0	0	0	0	0	0	0	0
P-0046759-T01-IM6	0.553131746570744	0	0	0	0	0	0	0	0	0	0	0	0	0	0	0	0	0	0.351592086967373	0	0	0	0	0	0	0	0	0	0	0	0.0715924346449609	0	0	0	0	0	0	0	0	0	0	0	0	0	0	0	0	0	0	0	0	0	0	0	0	0	0	0	0	0	0	0	0	0	0
P-0046839-T01-IM6	0.498149210672651	0	0	0	0	0	0	0	0	0	0	0	0	0	0	0	0	0	0	0	0	0	0	0	0	0	0	0	0	0	0.221330136266583	0	0	0	0	0	0	0	0	0	0	0	0	0	0	0	0.162094193591108	0	0	0	0	0	0	0	0	0	0	0	0	0	0	0	0	0	0
P-0046843-T01-IM6	0.72466728447224	0	0	0	0	0	0	0	0	0	0	0	0	0.0712083004492102	0	0	0	0	0	0	0	0	0	0	0	0	0	0	0	0	0.165308834923264	0	0	0	0	0	0	0	0	0	0	0	0	0	0	0	0	0	0	0	0	0	0	0	0	0	0	0	0	0	0	0	0	0	0
P-0046844-T01-IM6	0	0	0	0	0	0	0	0	0	0	0	0	0	0	0	0	0	0	0.598795375863354	0	0	0	0	0	0	0	0	0	0	0	0	0	0	0	0	0	0	0.166468731717326	0	0	0	0.180081734396187	0	0	0	0	0	0	0	0	0	0	0	0	0	0	0	0	0	0	0	0	0	0	0
P-0046915-T01-IM6	0.371545106223603	0	0	0	0	0.215018432506577	0	0	0	0	0	0	0	0	0	0	0	0	0.275143504949521	0	0	0	0	0	0	0	0	0	0	0	0	0	0	0	0	0	0	0.111048013052951	0	0	0	0	0	0	0	0	0	0	0	0	0	0	0	0	0	0	0	0	0	0	0	0	0	0	0
P-0046992-T01-IM6	0.368606776354743	0	0	0	0	0	0	0	0	0	0	0	0	0.0772926978516382	0	0	0	0	0.182294688721194	0	0	0	0	0	0.151227557831591	0	0	0	0	0	0.111774588284076	0	0	0	0	0	0	0	0	0	0	0	0	0	0	0	0	0	0	0	0	0	0	0	0	0	0	0	0	0	0	0	0	0	0
P-0047329-T01-IM6	0.364062548014898	0	0	0	0	0.16240442917335	0	0	0	0	0	0	0	0	0	0	0	0	0	0.161016344650368	0	0	0	0	0	0	0	0	0	0	0	0	0	0	0	0	0.0887903351128283	0	0	0	0	0	0	0	0	0	0	0	0.0689624690123982	0	0.0779244297956838	0	0	0	0	0	0	0	0	0	0	0	0	0	0
P-0047363-T01-IM6	0.573010079665458	0	0	0	0	0.137228743847476	0	0	0	0	0	0	0	0.151687904373625	0	0	0	0	0	0	0	0	0	0	0	0	0	0	0	0	0	0	0	0	0	0	0	0	0	0	0	0	0	0	0	0	0	0	0	0	0	0	0	0	0	0	0	0	0	0	0	0	0	0	0
P-0047374-T01-IM6	0.81916351231268	0	0	0	0	0	0	0	0	0	0	0	0	0.0806822042611934	0	0	0	0	0	0	0	0	0	0	0	0	0	0	0	0	0	0	0	0	0	0	0	0	0	0	0	0	0	0	0	0	0	0	0	0	0	0	0	0	0	0	0	0	0	0	0	0	0	0	0
P-0047379-T01-IM6	0	0	0	0	0	0.827470384294607	0	0	0	0	0	0	0.159747687426512	0	0	0	0	0	0	0	0	0	0	0	0	0	0	0	0	0	0	0	0	0	0	0	0	0	0	0	0	0	0	0	0	0	0	0	0	0	0	0	0	0	0	0	0	0	0	0	0	0	0	0	0
P-0047380-T01-IM6	0.229806654488053	0	0	0	0	0	0	0	0	0	0	0	0	0.134801899454184	0	0	0	0	0.232990788629329	0	0	0	0	0	0	0	0	0	0	0	0	0	0	0	0	0	0	0.174848660889967	0	0	0	0	0	0	0	0	0	0	0.106402767237319	0	0	0	0	0	0	0	0	0	0	0	0	0	0	0	0
P-0047601-T01-IM6	0.128865724171673	0	0	0	0	0	0	0	0	0	0	0	0	0.0661777718514371	0	0	0	0	0.57579818345827	0	0	0	0	0	0	0	0	0	0	0	0.0907213864678788	0	0	0	0	0	0	0	0	0	0	0	0	0	0	0	0	0	0	0	0	0	0	0	0	0	0	0	0	0	0	0	0	0	0
P-0047822-T01-IM6	0.585866699242651	0	0	0	0	0	0	0	0	0	0	0	0	0	0	0	0	0.0835425040257239	0	0	0	0	0	0	0	0.150968307686658	0	0.070264550425159	0	0	0	0	0	0	0	0	0	0	0	0	0	0	0	0	0	0	0	0	0	0	0	0	0	0	0	0	0	0	0	0	0	0	0	0	0
P-0047862-T01-IM6	0.417648846573687	0	0	0	0	0	0	0	0	0	0	0	0	0.067289385273663	0	0	0	0	0.443233777051835	0	0	0	0	0	0	0	0	0	0	0	0	0	0	0	0	0	0	0	0	0	0	0	0	0	0	0	0	0	0	0	0	0	0	0	0	0	0	0	0	0	0	0	0	0	0
P-0047886-T01-IM6	0.330868667910329	0	0	0	0	0.249100656173159	0	0	0	0	0	0	0	0.120518755740521	0	0	0	0	0	0	0	0	0	0	0	0.172952706812631	0	0	0	0	0	0	0	0	0	0	0	0	0	0	0	0	0	0	0	0	0	0	0	0	0	0	0	0	0	0	0	0	0	0	0	0	0	0	0
P-0047901-T01-IM6	0.243892164273427	0	0	0	0	0	0	0	0	0	0	0	0	0.347967299243607	0	0	0	0	0.408140508499762	0	0	0	0	0	0	0	0	0	0	0	0	0	0	0	0	0	0	0	0	0	0	0	0	0	0	0	0	0	0	0	0	0	0	0	0	0	0	0	0	0	0	0	0	0	0
P-0048063-T02-IM6	0.754464220285652	0	0	0	0	0	0	0	0	0	0	0	0	0.245535779714348	0	0	0	0	0	0	0	0	0	0	0	0	0	0	0	0	0	0	0	0	0	0	0	0	0	0	0	0	0	0	0	0	0	0	0	0	0	0	0	0	0	0	0	0	0	0	0	0	0	0	0
P-0048082-T01-IM6	0.657151669095219	0	0	0	0	0	0	0	0	0	0	0	0	0.0729788252000192	0	0	0	0	0	0	0	0	0	0	0	0.0821132560655762	0	0	0	0	0	0	0	0	0	0	0	0	0	0	0	0	0	0	0	0	0	0	0	0	0	0	0	0	0	0.0691387158358503	0	0	0	0	0	0	0	0	0
P-0048084-T01-IM6	0.386659048651364	0	0	0	0	0	0	0	0	0	0	0	0	0.439096638529013	0	0	0	0	0.131996714469934	0	0	0	0	0	0	0	0	0	0	0	0	0	0	0	0	0	0	0	0	0	0	0	0	0	0	0	0	0	0	0	0	0	0	0	0	0	0	0	0	0	0	0	0	0	0
P-0048166-T01-IM6	0.692927315783442	0	0	0	0	0	0	0	0	0	0	0	0	0.123417712784755	0	0	0	0	0.183654971431803	0	0	0	0	0	0	0	0	0	0	0	0	0	0	0	0	0	0	0	0	0	0	0	0	0	0	0	0	0	0	0	0	0	0	0	0	0	0	0	0	0	0	0	0	0	0
P-0048176-T01-IM6	0.501969640847422	0	0	0	0	0.070041592115687	0	0	0	0	0	0	0	0	0	0	0	0	0	0.167149370649047	0	0	0	0	0.155139615651024	0	0	0	0	0	0	0	0	0	0	0	0	0	0	0	0	0	0	0	0	0	0	0	0	0	0	0	0	0	0	0	0	0	0	0	0	0	0	0	0
P-0048221-T01-IM6	0.634247798157692	0	0	0	0	0	0	0	0	0	0	0	0	0	0	0	0	0	0.18553926667036	0	0	0	0	0	0	0.0713280631768913	0	0	0	0	0	0	0	0	0	0	0	0	0	0	0	0	0	0	0	0	0	0	0	0	0	0	0	0	0	0	0	0	0	0	0	0	0	0	0
P-0048255-T01-IM6	0.350298488407733	0	0	0	0	0	0	0	0	0	0	0	0	0.184460013721746	0	0	0	0	0	0	0	0	0	0	0	0.170774129911289	0	0	0	0	0	0	0	0	0.105969664687138	0	0	0	0	0	0	0	0	0	0	0	0	0	0.103386395423905	0	0	0	0	0	0	0	0	0	0	0	0	0	0	0	0
P-0048257-T01-IM6	0	0	0	0	0	0.33444070411243	0	0	0	0	0	0	0	0.176621941534341	0	0	0	0	0.246930207464772	0	0	0	0	0	0	0	0	0	0	0	0	0	0	0	0	0	0	0	0	0	0	0	0	0	0	0	0	0	0	0	0	0	0	0	0	0	0	0	0.109149709671456	0	0	0	0	0	0
P-0048476-T02-IM6	0.398330129593809	0	0	0	0	0	0	0	0	0	0	0	0	0	0	0	0	0	0.547132665251624	0	0	0	0	0	0	0	0	0	0	0	0	0	0	0	0	0	0	0	0	0	0	0	0	0	0	0	0	0	0	0	0	0	0	0	0	0	0	0	0	0	0	0	0	0	0
P-0048521-T01-IM6	0.605007751826443	0	0.0746563002424401	0	0	0	0	0	0	0	0	0	0	0	0	0	0	0	0	0	0	0	0	0	0	0	0	0	0	0	0.0829018715517125	0	0	0	0	0	0.100876766622685	0	0	0	0	0	0	0	0	0	0	0	0	0	0	0	0	0	0	0	0	0	0	0	0	0	0	0	0
P-0048528-T02-IM6	0	0	0	0	0	0.278176972466092	0	0	0	0	0	0	0	0	0	0	0	0.121662166516326	0	0	0	0	0	0	0	0	0	0	0	0.09388931042995	0.220073123403928	0	0	0	0	0	0.208850674392371	0	0	0	0	0	0	0	0	0	0	0	0	0	0	0	0	0	0	0	0	0	0	0	0	0	0	0	0
P-0048589-T01-IM6	0	0	0	0	0.157510057378784	0	0	0	0	0	0	0	0	0.193681697638422	0	0	0	0.0822788424133842	0	0	0	0	0	0	0	0	0	0	0	0	0	0	0	0	0	0	0	0	0	0	0	0	0	0.0614928747430321	0	0	0	0	0	0	0	0	0	0	0.140535965389681	0	0	0	0.338158663251755	0	0	0	0	0	0
P-0048620-T01-IM6	0.321278040974017	0	0	0	0	0	0	0	0	0.0693192362868686	0	0	0	0.249547986735504	0	0	0	0	0	0	0	0	0	0.0659681584646113	0	0	0	0	0	0	0.067227260367796	0	0	0	0	0	0	0	0	0	0	0	0	0	0	0	0	0	0	0	0	0	0	0	0	0	0	0	0.0891134158209121	0	0	0	0	0	0
P-0048660-T01-IM6	0.745635966114114	0	0	0	0	0	0	0	0	0	0	0	0	0	0	0	0	0	0	0	0	0	0	0	0	0.064955221326925	0	0	0	0	0.061054459450899	0	0	0	0	0	0	0	0	0	0	0	0	0	0	0	0	0	0	0	0	0	0	0	0	0	0	0	0	0	0	0	0	0	0
P-0048683-T01-IM6	0.298106783183304	0	0	0	0	0	0	0	0	0	0	0	0	0.176072976559985	0	0	0	0.153706949754496	0.217764705262569	0	0	0	0	0	0	0	0	0	0	0	0	0	0	0	0	0	0.0812933745278537	0	0	0	0	0	0	0	0	0	0	0	0	0	0	0	0	0	0	0	0	0	0	0	0	0	0	0	0
P-0048844-T01-IM6	0.0959883167693018	0	0	0	0	0	0	0	0	0	0	0	0	0.0713564899301027	0	0	0	0	0.451492989327808	0	0	0	0	0	0.105983943423768	0.125349975724178	0	0	0	0	0.097066559001321	0	0	0	0	0	0	0	0	0	0	0	0	0	0	0	0	0	0	0	0	0	0	0	0	0	0	0	0	0	0	0	0	0	0
P-0048893-T01-IM6	0.461752895069202	0	0	0.074413914424477	0	0.240376295734699	0	0	0	0	0	0	0	0.118829336278359	0	0	0	0	0	0	0	0	0	0	0	0	0	0	0	0	0	0	0	0	0	0	0	0	0	0	0	0	0	0	0	0	0	0	0	0	0	0	0	0	0	0	0	0	0	0	0	0	0	0	0
P-0048984-T01-IM6	0.524822591971421	0	0	0	0	0.127206541681219	0	0	0	0	0	0	0	0	0	0	0	0	0.19068311726642	0	0	0	0	0	0	0	0.0792212068016068	0	0	0	0	0	0	0	0	0	0	0	0	0	0	0	0	0	0	0	0	0	0	0	0	0	0	0.0780665422793334	0	0	0	0	0	0	0	0	0	0	0
P-0049131-T02-IM6	0.396691020306073	0	0	0	0	0	0	0	0	0	0	0	0	0.241941426049777	0	0	0	0	0.185255815980547	0	0	0	0	0	0	0	0	0	0.13637148064083	0	0	0	0	0	0	0	0	0	0	0	0	0	0	0	0	0	0	0	0	0	0	0	0	0	0	0	0	0	0	0	0	0	0	0	0
P-0049222-T01-IM6	0.213348664603657	0	0	0	0	0	0	0	0	0	0	0	0	0	0	0	0	0	0.170221064840166	0.142567998780645	0	0	0	0	0	0.43167909835681	0	0	0	0	0	0	0	0	0	0	0	0	0	0	0	0	0	0	0	0	0	0	0	0	0	0	0	0	0	0	0	0	0	0	0	0	0	0	0
P-0049359-T01-IM6	0.632568757670745	0	0	0	0.143975686395807	0	0	0	0	0	0	0	0	0.159486690435866	0	0	0	0	0	0	0	0	0	0	0	0	0	0	0	0	0	0	0	0	0	0	0	0	0	0	0	0	0	0	0	0	0	0	0	0	0	0	0	0	0	0	0	0	0	0	0	0	0	0	0
P-0049376-T01-IM6	0.645971610446876	0	0	0	0	0	0	0	0	0	0	0	0	0.0836209263761911	0	0	0	0.0620096603509736	0	0	0	0	0	0	0	0	0	0	0	0	0	0	0	0	0	0	0	0	0	0	0	0	0	0	0	0	0	0	0	0	0	0	0	0	0	0	0	0	0	0	0	0	0	0	0
P-0049473-T01-IM6	0.657217919349306	0	0	0	0	0	0	0	0	0	0	0	0	0.165980525057906	0	0	0	0	0	0	0	0	0	0	0	0	0	0	0	0	0	0	0	0	0	0	0	0	0	0	0	0	0	0	0	0	0	0	0	0	0	0	0	0	0	0	0	0	0	0	0	0	0	0	0
P-0049485-T01-IM6	0.128049931597469	0	0	0	0	0	0	0	0	0	0	0	0	0.174857317925709	0	0	0	0	0.456199557079452	0.0650625401470577	0	0	0	0	0	0.133423487724451	0	0	0	0	0	0	0	0	0	0	0	0	0	0	0	0	0	0	0	0	0	0	0	0	0	0	0	0	0	0	0	0	0	0	0	0	0	0	0
P-0049486-T01-IM6	0.55948622988871	0	0	0	0	0	0	0	0	0	0	0	0	0	0	0.103178314130221	0	0	0.328257266473085	0	0	0	0	0	0	0	0	0	0	0	0	0	0	0	0	0	0	0	0	0	0	0	0	0	0	0	0	0	0	0	0	0	0	0	0	0	0	0	0	0	0	0	0	0	0
P-0049563-T01-IM6	0.362799541026629	0	0	0	0	0.0650109357425781	0	0	0	0	0	0	0	0.159913405475174	0	0	0	0	0.267988147029709	0	0	0	0	0	0	0	0	0	0	0	0.0893139455381188	0	0	0	0	0	0	0	0	0	0	0	0	0	0	0	0	0	0	0	0	0	0	0	0	0	0	0	0	0	0	0	0	0	0
P-0049585-T01-IM6	0.290177639054172	0	0	0	0	0	0	0	0	0	0	0	0	0.148432308574945	0	0	0	0	0	0	0	0	0	0	0	0.405827038118373	0	0	0	0	0	0	0	0	0	0	0	0	0	0	0	0	0	0	0	0	0.155562989619224	0	0	0	0	0	0	0	0	0	0	0	0	0	0	0	0	0	0
P-0049600-T01-IM6	0.774470703803631	0	0	0	0	0	0	0	0	0	0	0	0	0	0	0	0	0	0.107839356978539	0	0	0	0	0	0.113278321085528	0	0	0	0	0	0	0	0	0	0	0	0	0	0	0	0	0	0	0	0	0	0	0	0	0	0	0	0	0	0	0	0	0	0	0	0	0	0	0	0
P-0049633-T01-IM6	0.292263370787135	0	0	0	0	0	0	0	0	0	0	0	0	0	0	0.196010143626047	0	0	0.453908599540467	0	0	0	0	0	0	0	0	0	0	0	0	0	0	0	0	0	0	0	0	0	0	0	0	0	0	0	0	0	0	0	0	0	0	0	0	0	0	0	0	0	0	0	0	0	0
P-0049661-T01-IM6	0.743162595173179	0	0	0	0	0	0	0	0	0	0	0	0	0	0	0	0	0	0	0	0	0	0	0	0	0	0	0	0	0	0	0	0	0	0	0	0	0	0	0	0	0	0	0	0	0	0.187252752318977	0	0	0	0	0	0	0	0	0	0	0	0	0	0	0	0	0	0
P-0049762-T01-IM6	0.358202252486777	0	0	0	0	0	0	0	0	0	0	0	0	0.190930709594684	0	0	0	0	0.439798575819999	0	0	0	0	0	0	0	0	0	0	0	0	0	0	0	0	0	0	0	0	0	0	0	0	0	0	0	0	0	0	0	0	0	0	0	0	0	0	0	0	0	0	0	0	0	0
P-0049775-T01-IM6	0.611099708385753	0	0	0	0	0	0	0	0	0	0	0	0	0.342119681148771	0	0	0	0	0	0	0	0	0	0	0	0	0	0	0	0	0	0	0	0	0	0	0	0	0	0	0	0	0	0	0	0	0	0	0	0	0	0	0	0	0	0	0	0	0	0	0	0	0	0	0
P-0049805-T01-IM6	0.625769425056498	0	0	0	0	0	0	0	0	0	0	0	0	0	0	0	0	0	0	0	0	0	0	0	0	0.121003726888689	0	0	0	0	0	0	0	0	0	0	0	0	0.0961976546302898	0	0	0	0	0	0	0	0	0	0	0	0	0	0	0	0	0	0	0	0	0	0	0	0	0	0
P-0049931-T01-IM6	0.391165038879491	0	0	0	0	0	0	0	0	0	0.0900570244166328	0	0	0.160772847132382	0	0	0	0	0.262537430967672	0	0	0	0	0	0	0	0	0	0	0	0	0.062029367679353	0	0	0	0	0	0	0	0	0	0	0	0	0	0	0	0	0	0	0	0	0	0	0	0	0	0	0	0	0	0	0	0	0
P-0049970-T01-IM6	0.342594554784339	0	0	0	0	0.357057562642849	0	0	0	0	0	0	0	0.154179375145426	0	0	0	0	0	0	0	0	0	0	0	0	0	0	0	0	0	0	0	0	0	0	0	0	0	0	0	0	0	0	0	0	0	0	0	0	0	0	0	0	0	0	0	0	0	0	0	0	0	0	0
P-0049984-T01-IM6	0.351887555350469	0	0	0	0	0	0	0	0	0	0	0	0	0.134616447660991	0	0	0	0	0.259015448935292	0	0	0	0	0	0	0	0	0	0	0	0	0	0	0	0	0	0	0	0	0	0	0	0	0	0	0	0	0	0	0	0	0	0	0	0	0	0	0	0	0	0	0	0	0	0
P-0050066-T01-IM6	0.82032156264417	0	0	0	0	0	0	0	0	0	0	0	0	0.165475630769757	0	0	0	0	0	0	0	0	0	0	0	0	0	0	0	0	0	0	0	0	0	0	0	0	0	0	0	0	0	0	0	0	0	0	0	0	0	0	0	0	0	0	0	0	0	0	0	0	0	0	0
P-0050101-T01-IM6	0.674405184221432	0	0	0	0	0	0	0	0	0	0	0	0	0	0	0	0	0	0	0	0	0	0	0	0	0.0993006567032722	0	0	0	0	0	0	0	0	0	0	0	0	0	0	0	0	0	0	0	0	0	0	0	0	0	0	0	0	0	0	0	0	0	0	0	0	0	0	0
P-0050149-T01-IM6	0.341299743500232	0	0	0	0	0	0	0	0	0	0	0	0	0	0	0	0	0.0718777232540155	0	0.0849673334582902	0	0	0	0	0	0.197638917909399	0	0	0	0	0	0	0.0618952358537206	0	0	0	0	0.0936962824729233	0	0	0	0	0	0	0	0	0	0	0	0	0	0	0	0	0	0	0	0	0	0	0	0	0	0	0
P-0050171-T01-IM6	0.606055399020299	0	0	0	0.1706267364392	0	0	0	0	0	0	0	0	0.0659342430945367	0	0	0	0	0	0	0	0	0	0	0	0	0	0	0	0	0	0	0	0	0	0	0	0	0	0	0	0	0	0	0	0	0	0	0	0	0	0	0	0	0	0	0	0	0	0	0	0	0	0	0
P-0050204-T01-IM6	0.212280679035164	0	0	0	0	0	0	0	0	0	0	0	0	0.324799935937227	0	0	0	0.0929449193678508	0.358290002391763	0	0	0	0	0	0	0	0	0	0	0	0	0	0	0	0	0	0	0	0	0	0	0	0	0	0	0	0	0	0	0	0	0	0	0	0	0	0	0	0	0	0	0	0	0	0
P-0050266-T01-IM6	0.388144092317355	0	0	0	0	0	0	0	0	0	0	0	0	0.14273670897393	0	0	0	0.165425554356311	0	0	0	0	0	0	0	0	0	0	0	0	0	0	0	0	0	0	0	0	0	0	0	0	0	0	0	0	0.0661792523248939	0	0	0	0	0	0	0	0	0.0688398243183162	0	0	0	0	0	0	0	0	0
P-0050349-T01-IM6	0.36902594884158	0	0	0	0	0.271000671626739	0	0	0	0	0	0	0	0.131317978579702	0	0	0	0	0	0	0	0	0	0	0	0.127811600846582	0	0	0	0	0	0	0	0	0	0	0	0	0	0	0	0	0	0	0	0	0	0	0	0	0	0	0	0	0	0	0	0	0.089576916980349	0	0	0	0	0	0
P-0050574-T02-IM6	0.439839458120424	0	0	0	0	0	0	0	0	0	0	0	0	0.0856619864986304	0	0	0	0	0.445138336132864	0	0	0	0	0	0	0	0	0	0	0	0	0	0	0	0	0	0	0	0	0	0	0	0	0	0	0	0	0	0	0	0	0	0	0	0	0	0	0	0	0	0	0	0	0	0
P-0050653-T01-IM6	0.559159009288379	0	0	0	0	0	0	0	0	0	0	0	0	0.262551929205393	0	0	0	0	0.178289061506228	0	0	0	0	0	0	0	0	0	0	0	0	0	0	0	0	0	0	0	0	0	0	0	0	0	0	0	0	0	0	0	0	0	0	0	0	0	0	0	0	0	0	0	0	0	0
P-0050712-T01-IM6	0.889033303088827	0	0	0	0	0	0	0	0	0	0	0	0	0	0	0	0	0.0822107554545749	0	0	0	0	0	0	0	0	0	0	0	0	0	0	0	0	0	0	0	0	0	0	0	0	0	0	0	0	0	0	0	0	0	0	0	0	0	0	0	0	0	0	0	0	0	0	0
P-0050850-T01-IM6	0.786821678740414	0	0	0	0	0	0	0	0	0	0	0	0	0	0	0	0	0	0	0	0	0	0	0	0	0.0759331506247133	0	0	0	0	0	0	0	0	0	0	0	0	0	0	0	0	0	0	0	0	0	0	0	0	0	0	0	0	0	0	0	0	0	0	0	0	0	0	0
P-0050977-T01-IM6	0.648865009844961	0	0	0	0	0.0773779227291333	0	0	0	0	0	0	0	0	0	0	0	0	0.216929173670564	0	0	0	0	0	0	0	0	0	0	0	0	0	0	0	0	0	0	0	0	0	0	0	0	0	0	0	0	0	0	0	0	0	0	0	0	0	0	0	0	0	0	0	0	0	0
P-0050978-T01-IM6	0.616374840517908	0	0	0	0	0	0	0	0	0	0	0	0	0	0	0	0	0.0751195150101032	0	0.0670702173221667	0	0	0	0	0	0.0747813791127731	0	0.0751039838512555	0	0	0	0	0	0	0	0	0	0	0	0	0	0	0	0	0	0	0	0	0	0	0	0	0	0	0	0	0	0	0	0	0	0	0	0	0
P-0051016-T01-IM6	0.882574044215997	0	0	0	0	0	0	0	0	0	0	0	0	0.117425955784003	0	0	0	0	0	0	0	0	0	0	0	0	0	0	0	0	0	0	0	0	0	0	0	0	0	0	0	0	0	0	0	0	0	0	0	0	0	0	0	0	0	0	0	0	0	0	0	0	0	0	0
P-0051068-T01-IM6	0.57416726664699	0	0	0	0	0	0	0	0	0	0	0	0	0.226879149788496	0	0	0	0	0	0	0	0	0	0	0	0	0	0	0	0	0.120445410760742	0	0	0	0	0	0	0	0	0	0	0	0	0	0	0	0	0	0	0	0	0	0	0	0	0	0	0	0	0	0	0	0	0	0
P-0051160-T01-IM6	0.738909151277435	0	0	0	0	0	0	0	0	0	0	0	0	0	0	0	0	0	0.201909391610041	0	0	0	0	0	0	0	0	0	0	0	0	0	0	0	0	0	0	0	0	0	0	0	0	0	0	0	0	0	0	0	0	0	0	0	0	0	0	0	0	0	0	0	0	0	0
P-0051335-T01-IM6	0.91984545023668	0	0	0	0	0	0	0	0	0	0	0	0	0	0	0	0	0	0	0	0	0	0	0	0	0	0	0	0	0	0	0	0	0	0	0	0	0	0	0	0	0	0	0	0	0	0	0	0	0	0	0	0	0	0	0	0	0	0	0	0	0	0	0	0
P-0051366-T01-IM6	0.603741045171298	0	0	0	0	0	0	0	0	0	0	0	0	0	0	0	0	0	0	0	0	0	0	0	0	0	0	0	0	0	0	0	0	0	0	0	0	0	0	0	0	0	0	0	0	0	0.237042155246242	0	0	0	0	0	0	0	0	0	0	0	0	0	0	0	0	0	0
P-0051368-T01-IM6	0	0	0	0	0.117357170049284	0.202191047872662	0	0	0	0	0	0	0	0.488924238805443	0	0	0	0	0	0	0	0	0	0	0	0.151227074664303	0	0	0	0	0	0	0	0	0	0	0	0	0	0	0	0	0	0	0	0	0	0	0	0	0	0	0	0	0	0	0	0	0	0	0	0	0	0	0
P-0051434-T01-IM6	0	0	0	0	0	0.340828652583086	0	0	0	0	0	0	0	0.0741700644474984	0	0	0	0	0	0	0	0	0	0	0	0	0	0	0	0.0960348484788453	0.206223982519285	0	0	0	0	0	0.118697281729771	0	0	0	0	0	0	0	0	0	0	0	0	0	0	0	0	0	0	0	0	0	0	0	0	0	0	0	0
P-0051436-T01-IM6	0.674288627394684	0	0	0	0	0.218948807978794	0	0	0	0	0	0	0	0.0757147953348663	0	0	0	0	0	0	0	0	0	0	0	0	0	0	0	0	0	0	0	0	0	0	0	0	0	0	0	0	0	0	0	0	0	0	0	0	0	0	0	0	0	0	0	0	0	0	0	0	0	0	0
P-0051458-T01-IM6	0.704807692129658	0	0	0	0	0	0	0	0	0	0	0	0	0.233265414568506	0	0	0	0	0.0619268933018369	0	0	0	0	0	0	0	0	0	0	0	0	0	0	0	0	0	0	0	0	0	0	0	0	0	0	0	0	0	0	0	0	0	0	0	0	0	0	0	0	0	0	0	0	0	0
P-0051753-T01-IM6	0.914760183907268	0	0	0	0	0	0	0	0	0	0	0	0	0	0	0	0	0	0	0	0	0	0	0	0	0	0	0	0	0	0	0	0	0	0	0	0	0	0	0	0	0	0	0	0	0	0	0	0	0	0	0	0	0	0	0	0	0	0	0	0	0	0	0	0
P-0051821-T01-IM6	0.633513178211256	0	0	0	0	0	0	0	0	0	0	0	0	0.238203948517497	0	0	0	0	0	0	0	0	0	0	0	0.102242292384702	0	0	0	0	0	0	0	0	0	0	0	0	0	0	0	0	0	0	0	0	0	0	0	0	0	0	0	0	0	0	0	0	0	0	0	0	0	0	0
P-0052202-T01-IM6	0.401366924311548	0	0	0	0	0	0	0	0	0	0	0	0	0	0	0	0	0.122282646384249	0.0918933285612572	0	0	0	0	0	0	0.180123477752093	0	0	0	0	0	0	0	0	0	0	0	0	0	0	0	0	0	0	0	0	0	0	0	0.0877022666057262	0	0	0	0	0	0	0	0	0	0	0	0	0	0	0
P-0052239-T01-IM6	0	0	0	0	0	0	0	0	0	0	0	0	0	0.242128890239314	0	0	0	0	0.453130019592352	0	0	0	0	0	0	0	0	0.0724371195325893	0	0	0	0	0	0	0	0	0	0	0	0	0	0.145561153910771	0	0	0	0	0	0	0	0	0	0	0	0	0	0	0	0	0	0	0	0	0	0	0
P-0052242-T01-IM6	0.930016814245094	0	0	0	0	0	0	0	0	0	0	0	0	0	0	0	0	0	0	0	0	0	0	0	0	0	0	0	0	0	0	0	0	0	0	0	0	0	0	0	0	0	0	0	0	0	0	0	0	0	0	0	0	0	0	0	0	0	0	0	0	0	0	0	0
P-0052250-T01-IM6	0.426423737229057	0	0	0	0	0	0	0	0	0	0	0	0	0.204882023062051	0	0	0	0	0.142011891148743	0	0	0	0	0	0	0	0	0	0	0	0.140113382764532	0	0	0	0	0	0	0	0	0	0	0	0	0	0	0	0	0	0	0	0	0	0	0	0	0	0	0	0	0	0	0	0	0	0
P-0052275-T01-IM6	0.621487984317032	0	0	0	0	0	0	0	0	0	0	0	0	0	0	0	0	0	0	0	0	0	0	0	0	0	0	0	0	0	0	0	0	0	0	0	0.17960163690441	0	0	0	0	0	0	0	0	0	0	0	0	0	0	0	0	0	0	0	0	0	0	0	0	0	0	0	0
P-0052282-T01-IM6	0.988012350544958	0	0	0	0	0	0	0	0	0	0	0	0	0	0	0	0	0	0	0	0	0	0	0	0	0	0	0	0	0	0	0	0	0	0	0	0	0	0	0	0	0	0	0	0	0	0	0	0	0	0	0	0	0	0	0	0	0	0	0	0	0	0	0	0
P-0052342-T01-IM6	0.349122130187027	0	0	0	0	0	0	0	0	0	0	0	0	0.152234879292654	0	0	0	0	0.456964125555117	0	0	0	0	0	0	0	0	0	0	0	0	0	0	0	0	0	0	0	0	0	0	0	0	0	0	0	0	0	0	0	0	0	0	0	0	0	0	0	0	0	0	0	0	0	0
P-0052422-T01-IM6	0.639301329189481	0	0	0	0	0	0	0	0	0	0	0	0	0	0	0	0	0	0	0	0	0	0	0	0.225193601111761	0	0	0	0	0	0	0	0	0	0	0	0	0	0	0	0	0	0	0	0	0	0	0	0	0	0	0	0	0	0	0	0	0	0	0	0	0	0	0	0
P-0052543-T01-IM6	0.474747764079522	0	0	0	0	0	0	0	0	0	0	0	0	0.19896558626535	0	0	0	0	0.151390809188695	0	0	0	0	0	0.109073942584153	0	0	0	0	0	0	0	0	0	0	0	0	0	0	0	0	0	0	0	0	0	0	0	0	0	0	0	0	0	0	0	0	0	0	0	0	0	0	0	0
P-0052678-T01-IM6	0	0	0	0	0	0.73448212248485	0	0	0	0	0	0	0	0	0	0	0	0	0	0	0	0	0	0	0	0.106579518046383	0	0	0	0	0	0	0	0	0	0	0	0.119836139430519	0	0	0	0	0	0	0	0	0	0	0	0	0	0	0	0	0	0	0	0	0	0	0	0	0	0	0
P-0052792-T01-IM6	0.758018126709677	0	0	0	0	0	0	0	0	0	0	0	0	0	0	0	0	0	0.178528893797435	0	0	0	0	0	0	0	0	0	0	0	0	0	0	0	0	0	0	0	0	0	0	0	0	0	0	0	0	0	0	0	0	0	0	0	0	0	0	0	0	0	0	0	0	0	0
P-0053231-T01-IM6	0.793331006948406	0	0	0	0	0	0	0	0	0	0	0	0	0	0	0	0	0	0	0	0	0	0	0	0	0	0	0	0	0	0	0	0	0	0	0	0	0	0	0	0	0	0	0	0	0	0.084409714030015	0	0	0	0	0	0	0	0	0	0	0	0	0	0	0	0	0	0
P-0053531-T01-IM6	0	0	0	0	0	0	0	0	0	0	0	0	0	0.230842636377746	0	0	0	0	0.628394615337502	0	0	0	0	0	0	0	0	0	0	0	0	0	0	0	0	0	0	0	0	0	0	0	0	0	0	0	0	0	0	0	0	0	0.0927602658700886	0	0	0	0	0	0	0	0	0	0	0	0
P-0053566-T01-IM6	0.409054053318638	0	0	0	0	0	0	0	0	0	0	0	0	0	0	0	0	0	0	0	0	0	0	0	0	0.387315278592823	0	0	0	0	0	0	0	0	0	0	0	0	0	0	0	0	0	0	0	0	0	0	0	0	0	0	0	0	0	0	0	0	0	0	0	0	0	0	0
P-0053679-T01-IM6	0.316310748830542	0	0	0	0	0	0	0	0	0	0	0	0	0.0942196755608063	0	0	0	0	0.251865416507584	0	0	0	0	0	0	0	0	0	0	0.105675990626645	0	0	0	0	0	0	0.0874244398367741	0	0	0	0	0	0	0	0	0	0	0	0	0	0	0	0	0	0	0	0	0	0	0	0	0	0	0	0
P-0053698-T01-IM6	0	0	0	0	0	0.0878612388654537	0	0	0	0	0	0	0	0	0	0	0	0.0875789147643921	0.27081994646792	0	0	0	0	0	0	0.325262960261148	0	0	0	0	0	0	0	0	0	0	0	0	0	0	0	0	0	0	0	0	0	0	0	0	0	0	0	0	0	0	0	0	0	0	0	0	0	0	0
P-0053760-T01-IM6	0.65157080745494	0	0	0	0	0	0	0	0	0	0	0	0	0	0	0	0	0	0.34842919254506	0	0	0	0	0	0	0	0	0	0	0	0	0	0	0	0	0	0	0	0	0	0	0	0	0	0	0	0	0	0	0	0	0	0	0	0	0	0	0	0	0	0	0	0	0	0
P-0054045-T01-IM6	0	0	0	0	0.0904655534244749	0	0	0	0	0	0	0	0	0.286716596296798	0	0	0	0	0	0.188818071994443	0	0.0640066408283743	0	0	0	0	0	0	0.183291523931413	0	0	0	0	0	0	0	0	0	0	0	0	0	0	0	0	0	0	0	0	0	0	0	0	0	0	0	0	0	0.0672056469134143	0	0	0	0	0.061261878339874	0
